state	Year	Quarter	Index	Standard Error
AK	1995	1	100.00
AK	1995	2	104.00
AK	1995	3	102.44
AK	1995	4	103.81
AK	1996	1	108.15
AK	1996	2	107.97
AK	1996	3	109.28
AK	1996	4	110.78
AK	1997	1	109.86
AK	1997	2	110.54
AK	1997	3	112.15
AK	1997	4	112.57
AK	1998	1	110.99
AK	1998	2	112.29
AK	1998	3	114.19
AK	1998	4	113.18
AK	1999	1	112.68
AK	1999	2	116.97
AK	1999	3	117.20
AK	1999	4	116.61
AK	2000	1	117.27
AK	2000	2	118.00
AK	2000	3	116.62
AK	2000	4	118.21
AK	2001	1	120.24
AK	2001	2	122.00
AK	2001	3	122.30
AK	2001	4	121.79
AK	2002	1	122.34
AK	2002	2	125.77
AK	2002	3	124.64
AK	2002	4	124.32
AK	2003	1	125.15
AK	2003	2	127.23
AK	2003	3	128.05
AK	2003	4	132.51
AK	2004	1	132.84
AK	2004	2	138.53
AK	2004	3	141.98
AK	2004	4	142.60
AK	2005	1	147.22
AK	2005	2	153.10
AK	2005	3	158.29
AK	2005	4	164.83
AK	2006	1	166.75
AK	2006	2	171.18
AK	2006	3	174.30
AK	2006	4	176.96
AK	2007	1	178.62
AK	2007	2	181.38
AK	2007	3	181.49
AK	2007	4	183.07
AK	2008	1	181.29
AK	2008	2	182.96
AK	2008	3	180.47
AK	2008	4	180.05
AK	2009	1	182.60
AK	2009	2	179.98
AK	2009	3	178.80
AK	2009	4	180.28
AK	2010	1	174.53
AK	2010	2	179.08
AK	2010	3	180.08
AK	2010	4	179.01
AK	2011	1	181.57
AK	2011	2	182.54
AK	2011	3	179.36
AK	2011	4	184.68
AK	2012	1	183.80
AK	2012	2	183.77
AK	2012	3	185.15
AK	2012	4	188.02
AK	2013	1	188.98
AK	2013	2	189.45
AK	2013	3	190.79
AK	2013	4	190.04
AK	2014	1	187.51
AK	2014	2	195.43
AK	2014	3	195.53
AK	2014	4	196.79
AK	2015	1	198.58
AK	2015	2	202.99
AK	2015	3	205.20
AK	2015	4	208.40
AK	2016	1	205.72
AL	1995	1	100.00
AL	1995	2	101.05
AL	1995	3	103.62
AL	1995	4	105.92
AL	1996	1	108.30
AL	1996	2	106.55
AL	1996	3	107.54
AL	1996	4	110.31
AL	1997	1	110.24
AL	1997	2	111.29
AL	1997	3	111.37
AL	1997	4	115.74
AL	1998	1	117.84
AL	1998	2	119.29
AL	1998	3	120.49
AL	1998	4	121.50
AL	1999	1	121.53
AL	1999	2	121.97
AL	1999	3	122.04
AL	1999	4	123.84
AL	2000	1	124.77
AL	2000	2	124.49
AL	2000	3	127.16
AL	2000	4	128.81
AL	2001	1	132.77
AL	2001	2	133.04
AL	2001	3	133.88
AL	2001	4	135.70
AL	2002	1	135.58
AL	2002	2	136.25
AL	2002	3	137.70
AL	2002	4	140.40
AL	2003	1	141.43
AL	2003	2	141.87
AL	2003	3	143.28
AL	2003	4	143.60
AL	2004	1	144.91
AL	2004	2	144.70
AL	2004	3	146.33
AL	2004	4	150.09
AL	2005	1	151.37
AL	2005	2	154.34
AL	2005	3	157.44
AL	2005	4	162.12
AL	2006	1	164.11
AL	2006	2	167.18
AL	2006	3	169.62
AL	2006	4	173.47
AL	2007	1	175.66
AL	2007	2	178.69
AL	2007	3	181.02
AL	2007	4	182.80
AL	2008	1	183.39
AL	2008	2	184.67
AL	2008	3	183.79
AL	2008	4	183.50
AL	2009	1	185.34
AL	2009	2	184.86
AL	2009	3	180.46
AL	2009	4	178.26
AL	2010	1	177.44
AL	2010	2	175.18
AL	2010	3	176.42
AL	2010	4	176.14
AL	2011	1	172.72
AL	2011	2	172.95
AL	2011	3	171.76
AL	2011	4	173.65
AL	2012	1	172.65
AL	2012	2	171.37
AL	2012	3	172.32
AL	2012	4	173.28
AL	2013	1	172.15
AL	2013	2	172.62
AL	2013	3	171.49
AL	2013	4	171.21
AL	2014	1	170.09
AL	2014	2	171.67
AL	2014	3	174.19
AL	2014	4	174.81
AL	2015	1	174.99
AL	2015	2	176.16
AL	2015	3	175.61
AL	2015	4	176.39
AL	2016	1	176.53
AR	1995	1	100.00
AR	1995	2	100.83
AR	1995	3	102.47
AR	1995	4	102.08
AR	1996	1	105.35
AR	1996	2	108.00
AR	1996	3	105.83
AR	1996	4	107.44
AR	1997	1	106.83
AR	1997	2	110.13
AR	1997	3	110.43
AR	1997	4	111.45
AR	1998	1	114.24
AR	1998	2	113.96
AR	1998	3	114.89
AR	1998	4	115.89
AR	1999	1	117.23
AR	1999	2	117.76
AR	1999	3	117.43
AR	1999	4	116.88
AR	2000	1	117.16
AR	2000	2	118.70
AR	2000	3	119.26
AR	2000	4	121.14
AR	2001	1	123.77
AR	2001	2	125.03
AR	2001	3	125.90
AR	2001	4	127.45
AR	2002	1	128.31
AR	2002	2	127.71
AR	2002	3	129.98
AR	2002	4	132.20
AR	2003	1	131.94
AR	2003	2	133.02
AR	2003	3	134.15
AR	2003	4	134.61
AR	2004	1	135.44
AR	2004	2	137.32
AR	2004	3	138.19
AR	2004	4	138.94
AR	2005	1	142.13
AR	2005	2	144.78
AR	2005	3	147.27
AR	2005	4	149.39
AR	2006	1	151.53
AR	2006	2	154.38
AR	2006	3	157.39
AR	2006	4	158.65
AR	2007	1	160.99
AR	2007	2	162.93
AR	2007	3	163.75
AR	2007	4	164.68
AR	2008	1	166.16
AR	2008	2	165.18
AR	2008	3	165.64
AR	2008	4	165.34
AR	2009	1	167.51
AR	2009	2	166.37
AR	2009	3	165.43
AR	2009	4	166.22
AR	2010	1	162.82
AR	2010	2	163.95
AR	2010	3	165.08
AR	2010	4	162.82
AR	2011	1	162.06
AR	2011	2	162.38
AR	2011	3	161.23
AR	2011	4	162.88
AR	2012	1	163.98
AR	2012	2	160.91
AR	2012	3	164.54
AR	2012	4	165.74
AR	2013	1	165.73
AR	2013	2	166.83
AR	2013	3	164.33
AR	2013	4	164.21
AR	2014	1	166.87
AR	2014	2	166.05
AR	2014	3	168.14
AR	2014	4	167.92
AR	2015	1	170.40
AR	2015	2	169.06
AR	2015	3	171.19
AR	2015	4	172.13
AR	2016	1	170.51
AZ	1995	1	100.00
AZ	1995	2	103.82
AZ	1995	3	104.18
AZ	1995	4	104.88
AZ	1996	1	107.90
AZ	1996	2	107.42
AZ	1996	3	109.87
AZ	1996	4	112.07
AZ	1997	1	113.93
AZ	1997	2	113.46
AZ	1997	3	116.28
AZ	1997	4	118.33
AZ	1998	1	120.02
AZ	1998	2	119.99
AZ	1998	3	120.40
AZ	1998	4	123.66
AZ	1999	1	125.81
AZ	1999	2	124.94
AZ	1999	3	124.54
AZ	1999	4	128.29
AZ	2000	1	127.32
AZ	2000	2	128.32
AZ	2000	3	130.37
AZ	2000	4	132.32
AZ	2001	1	134.82
AZ	2001	2	137.29
AZ	2001	3	136.67
AZ	2001	4	139.82
AZ	2002	1	141.51
AZ	2002	2	141.50
AZ	2002	3	142.82
AZ	2002	4	144.94
AZ	2003	1	145.54
AZ	2003	2	146.67
AZ	2003	3	148.27
AZ	2003	4	150.30
AZ	2004	1	151.82
AZ	2004	2	154.47
AZ	2004	3	159.17
AZ	2004	4	164.20
AZ	2005	1	169.71
AZ	2005	2	178.87
AZ	2005	3	187.59
AZ	2005	4	198.75
AZ	2006	1	211.77
AZ	2006	2	219.02
AZ	2006	3	226.50
AZ	2006	4	233.63
AZ	2007	1	239.30
AZ	2007	2	243.09
AZ	2007	3	239.39
AZ	2007	4	239.92
AZ	2008	1	236.11
AZ	2008	2	232.49
AZ	2008	3	222.17
AZ	2008	4	217.35
AZ	2009	1	219.10
AZ	2009	2	209.22
AZ	2009	3	196.30
AZ	2009	4	190.12
AZ	2010	1	184.15
AZ	2010	2	179.83
AZ	2010	3	165.47
AZ	2010	4	165.70
AZ	2011	1	158.19
AZ	2011	2	150.66
AZ	2011	3	151.96
AZ	2011	4	151.24
AZ	2012	1	148.09
AZ	2012	2	149.11
AZ	2012	3	155.43
AZ	2012	4	154.77
AZ	2013	1	155.07
AZ	2013	2	157.31
AZ	2013	3	160.05
AZ	2013	4	164.11
AZ	2014	1	166.72
AZ	2014	2	167.70
AZ	2014	3	166.80
AZ	2014	4	171.69
AZ	2015	1	176.36
AZ	2015	2	180.79
AZ	2015	3	181.89
AZ	2015	4	187.92
AZ	2016	1	184.17
CA	1995	1	100.00
CA	1995	2	100.63
CA	1995	3	103.29
CA	1995	4	103.42
CA	1996	1	104.08
CA	1996	2	102.38
CA	1996	3	102.17
CA	1996	4	102.67
CA	1997	1	104.32
CA	1997	2	102.54
CA	1997	3	103.94
CA	1997	4	106.09
CA	1998	1	106.99
CA	1998	2	107.96
CA	1998	3	107.90
CA	1998	4	109.91
CA	1999	1	109.96
CA	1999	2	110.95
CA	1999	3	112.45
CA	1999	4	114.43
CA	2000	1	117.97
CA	2000	2	120.57
CA	2000	3	123.84
CA	2000	4	127.06
CA	2001	1	131.71
CA	2001	2	136.30
CA	2001	3	139.48
CA	2001	4	141.60
CA	2002	1	146.16
CA	2002	2	150.94
CA	2002	3	156.89
CA	2002	4	160.81
CA	2003	1	164.40
CA	2003	2	168.86
CA	2003	3	175.34
CA	2003	4	183.75
CA	2004	1	190.37
CA	2004	2	200.31
CA	2004	3	214.64
CA	2004	4	223.31
CA	2005	1	233.64
CA	2005	2	248.43
CA	2005	3	260.23
CA	2005	4	269.39
CA	2006	1	274.64
CA	2006	2	277.64
CA	2006	3	277.91
CA	2006	4	276.18
CA	2007	1	275.71
CA	2007	2	273.26
CA	2007	3	266.70
CA	2007	4	260.46
CA	2008	1	255.24
CA	2008	2	244.20
CA	2008	3	230.36
CA	2008	4	224.96
CA	2009	1	224.28
CA	2009	2	211.39
CA	2009	3	203.55
CA	2009	4	198.59
CA	2010	1	190.90
CA	2010	2	186.47
CA	2010	3	184.19
CA	2010	4	182.27
CA	2011	1	172.30
CA	2011	2	166.84
CA	2011	3	164.84
CA	2011	4	164.76
CA	2012	1	163.08
CA	2012	2	159.59
CA	2012	3	163.65
CA	2012	4	164.04
CA	2013	1	165.53
CA	2013	2	171.27
CA	2013	3	175.09
CA	2013	4	180.17
CA	2014	1	183.06
CA	2014	2	187.83
CA	2014	3	189.29
CA	2014	4	191.43
CA	2015	1	193.95
CA	2015	2	200.20
CA	2015	3	204.13
CA	2015	4	208.59
CA	2016	1	208.68
CO	1995	1	100.00
CO	1995	2	101.55
CO	1995	3	104.05
CO	1995	4	105.65
CO	1996	1	107.90
CO	1996	2	108.89
CO	1996	3	110.10
CO	1996	4	111.42
CO	1997	1	113.29
CO	1997	2	113.86
CO	1997	3	116.52
CO	1997	4	118.39
CO	1998	1	119.56
CO	1998	2	120.49
CO	1998	3	121.61
CO	1998	4	123.53
CO	1999	1	124.73
CO	1999	2	127.10
CO	1999	3	128.55
CO	1999	4	130.78
CO	2000	1	134.24
CO	2000	2	136.49
CO	2000	3	138.22
CO	2000	4	139.95
CO	2001	1	143.23
CO	2001	2	145.39
CO	2001	3	146.94
CO	2001	4	148.30
CO	2002	1	151.38
CO	2002	2	152.52
CO	2002	3	154.78
CO	2002	4	156.21
CO	2003	1	157.67
CO	2003	2	158.70
CO	2003	3	161.37
CO	2003	4	163.79
CO	2004	1	164.82
CO	2004	2	168.44
CO	2004	3	172.23
CO	2004	4	174.58
CO	2005	1	176.98
CO	2005	2	184.28
CO	2005	3	189.10
CO	2005	4	194.76
CO	2006	1	198.47
CO	2006	2	202.51
CO	2006	3	207.24
CO	2006	4	212.13
CO	2007	1	215.83
CO	2007	2	221.11
CO	2007	3	224.13
CO	2007	4	226.22
CO	2008	1	228.84
CO	2008	2	231.03
CO	2008	3	226.72
CO	2008	4	226.57
CO	2009	1	228.72
CO	2009	2	223.14
CO	2009	3	217.01
CO	2009	4	213.90
CO	2010	1	207.70
CO	2010	2	205.00
CO	2010	3	204.03
CO	2010	4	202.68
CO	2011	1	199.10
CO	2011	2	190.22
CO	2011	3	191.97
CO	2011	4	192.61
CO	2012	1	190.44
CO	2012	2	187.35
CO	2012	3	190.29
CO	2012	4	192.24
CO	2013	1	192.46
CO	2013	2	193.40
CO	2013	3	194.45
CO	2013	4	191.35
CO	2014	1	195.47
CO	2014	2	198.86
CO	2014	3	203.84
CO	2014	4	206.36
CO	2015	1	207.66
CO	2015	2	210.90
CO	2015	3	213.74
CO	2015	4	217.54
CO	2016	1	220.56
CT	1995	1	100.00
CT	1995	2	100.90
CT	1995	3	104.74
CT	1995	4	105.41
CT	1996	1	105.40
CT	1996	2	105.19
CT	1996	3	101.82
CT	1996	4	106.10
CT	1997	1	103.38
CT	1997	2	104.60
CT	1997	3	105.66
CT	1997	4	105.37
CT	1998	1	108.57
CT	1998	2	108.18
CT	1998	3	109.29
CT	1998	4	110.64
CT	1999	1	112.21
CT	1999	2	113.62
CT	1999	3	114.65
CT	1999	4	116.55
CT	2000	1	116.60
CT	2000	2	119.08
CT	2000	3	122.61
CT	2000	4	124.75
CT	2001	1	127.50
CT	2001	2	130.57
CT	2001	3	133.43
CT	2001	4	136.31
CT	2002	1	139.54
CT	2002	2	143.37
CT	2002	3	146.73
CT	2002	4	149.59
CT	2003	1	151.84
CT	2003	2	153.60
CT	2003	3	157.17
CT	2003	4	162.57
CT	2004	1	166.65
CT	2004	2	173.35
CT	2004	3	182.44
CT	2004	4	181.11
CT	2005	1	189.62
CT	2005	2	194.46
CT	2005	3	199.43
CT	2005	4	204.19
CT	2006	1	206.54
CT	2006	2	206.02
CT	2006	3	208.97
CT	2006	4	210.23
CT	2007	1	211.29
CT	2007	2	208.56
CT	2007	3	207.65
CT	2007	4	208.63
CT	2008	1	208.56
CT	2008	2	200.92
CT	2008	3	196.55
CT	2008	4	193.52
CT	2009	1	196.10
CT	2009	2	189.96
CT	2009	3	183.67
CT	2009	4	181.16
CT	2010	1	180.13
CT	2010	2	178.16
CT	2010	3	176.60
CT	2010	4	176.95
CT	2011	1	172.69
CT	2011	2	170.87
CT	2011	3	171.42
CT	2011	4	173.06
CT	2012	1	169.67
CT	2012	2	167.48
CT	2012	3	166.78
CT	2012	4	168.63
CT	2013	1	164.78
CT	2013	2	163.48
CT	2013	3	164.09
CT	2013	4	163.05
CT	2014	1	162.67
CT	2014	2	160.52
CT	2014	3	165.17
CT	2014	4	166.53
CT	2015	1	166.37
CT	2015	2	166.22
CT	2015	3	161.95
CT	2015	4	164.75
CT	2016	1	167.19
FL	1995	1	100.00
FL	1995	2	103.93
FL	1995	3	100.67
FL	1995	4	105.51
FL	1996	1	105.54
FL	1996	2	105.16
FL	1996	3	105.65
FL	1996	4	103.99
FL	1997	1	105.94
FL	1997	2	110.12
FL	1997	3	111.87
FL	1997	4	113.38
FL	1998	1	117.66
FL	1998	2	115.06
FL	1998	3	121.30
FL	1998	4	120.64
FL	1999	1	122.15
FL	1999	2	123.80
FL	1999	3	127.19
FL	1999	4	128.53
FL	2000	1	132.45
FL	2000	2	134.46
FL	2000	3	136.33
FL	2000	4	140.44
FL	2001	1	142.39
FL	2001	2	146.10
FL	2001	3	150.23
FL	2001	4	154.46
FL	2002	1	157.49
FL	2002	2	164.26
FL	2002	3	168.88
FL	2002	4	173.71
FL	2003	1	177.69
FL	2003	2	181.50
FL	2003	3	187.28
FL	2003	4	194.97
FL	2004	1	200.73
FL	2004	2	208.81
FL	2004	3	218.24
FL	2004	4	229.03
FL	2005	1	233.71
FL	2005	2	251.02
FL	2005	3	264.23
FL	2005	4	271.10
FL	2006	1	286.23
FL	2006	2	298.76
FL	2006	3	299.90
FL	2006	4	307.16
FL	2007	1	310.54
FL	2007	2	309.66
FL	2007	3	305.21
FL	2007	4	298.10
FL	2008	1	289.46
FL	2008	2	279.75
FL	2008	3	264.53
FL	2008	4	258.48
FL	2009	1	263.02
FL	2009	2	250.72
FL	2009	3	233.09
FL	2009	4	228.10
FL	2010	1	222.01
FL	2010	2	218.94
FL	2010	3	214.80
FL	2010	4	214.45
FL	2011	1	205.32
FL	2011	2	204.23
FL	2011	3	201.60
FL	2011	4	202.15
FL	2012	1	199.64
FL	2012	2	194.93
FL	2012	3	201.07
FL	2012	4	202.14
FL	2013	1	198.92
FL	2013	2	206.70
FL	2013	3	201.39
FL	2013	4	203.12
FL	2014	1	201.75
FL	2014	2	210.85
FL	2014	3	212.34
FL	2014	4	213.59
FL	2015	1	224.85
FL	2015	2	224.96
FL	2015	3	233.50
FL	2015	4	236.31
FL	2016	1	245.36
GA	1995	1	100.00
GA	1995	2	103.08
GA	1995	3	103.51
GA	1995	4	104.81
GA	1996	1	107.76
GA	1996	2	107.68
GA	1996	3	108.06
GA	1996	4	109.41
GA	1997	1	110.35
GA	1997	2	111.63
GA	1997	3	114.13
GA	1997	4	115.75
GA	1998	1	117.53
GA	1998	2	118.35
GA	1998	3	120.31
GA	1998	4	123.09
GA	1999	1	124.29
GA	1999	2	126.28
GA	1999	3	127.96
GA	1999	4	128.56
GA	2000	1	130.22
GA	2000	2	131.72
GA	2000	3	133.94
GA	2000	4	137.22
GA	2001	1	139.97
GA	2001	2	142.01
GA	2001	3	144.15
GA	2001	4	145.66
GA	2002	1	146.96
GA	2002	2	148.22
GA	2002	3	150.34
GA	2002	4	152.88
GA	2003	1	155.02
GA	2003	2	156.32
GA	2003	3	157.63
GA	2003	4	159.04
GA	2004	1	162.10
GA	2004	2	163.46
GA	2004	3	167.35
GA	2004	4	170.10
GA	2005	1	172.69
GA	2005	2	175.57
GA	2005	3	179.45
GA	2005	4	183.23
GA	2006	1	186.29
GA	2006	2	189.94
GA	2006	3	192.66
GA	2006	4	197.40
GA	2007	1	199.15
GA	2007	2	199.56
GA	2007	3	200.20
GA	2007	4	202.51
GA	2008	1	203.28
GA	2008	2	201.73
GA	2008	3	197.25
GA	2008	4	197.16
GA	2009	1	200.25
GA	2009	2	195.99
GA	2009	3	189.10
GA	2009	4	186.16
GA	2010	1	181.45
GA	2010	2	177.51
GA	2010	3	178.97
GA	2010	4	175.85
GA	2011	1	169.88
GA	2011	2	164.31
GA	2011	3	166.30
GA	2011	4	164.36
GA	2012	1	161.50
GA	2012	2	160.22
GA	2012	3	161.38
GA	2012	4	162.43
GA	2013	1	159.81
GA	2013	2	162.31
GA	2013	3	162.40
GA	2013	4	162.39
GA	2014	1	161.59
GA	2014	2	166.90
GA	2014	3	168.40
GA	2014	4	171.15
GA	2015	1	170.83
GA	2015	2	172.02
GA	2015	3	176.04
GA	2015	4	177.64
GA	2016	1	179.92
HI	1995	1	100.00
HI	1995	2	99.42
HI	1995	3	99.60
HI	1995	4	99.97
HI	1996	1	101.41
HI	1996	2	100.28
HI	1996	3	96.44
HI	1996	4	95.64
HI	1997	1	97.18
HI	1997	2	91.12
HI	1997	3	93.16
HI	1997	4	89.80
HI	1998	1	94.67
HI	1998	2	94.93
HI	1998	3	94.46
HI	1998	4	94.84
HI	1999	1	94.89
HI	1999	2	92.90
HI	1999	3	92.67
HI	1999	4	90.30
HI	2000	1	96.30
HI	2000	2	95.49
HI	2000	3	95.48
HI	2000	4	98.48
HI	2001	1	100.44
HI	2001	2	103.92
HI	2001	3	106.15
HI	2001	4	108.90
HI	2002	1	109.33
HI	2002	2	113.55
HI	2002	3	116.20
HI	2002	4	117.24
HI	2003	1	121.61
HI	2003	2	126.45
HI	2003	3	130.25
HI	2003	4	136.83
HI	2004	1	145.10
HI	2004	2	156.73
HI	2004	3	173.51
HI	2004	4	181.35
HI	2005	1	195.88
HI	2005	2	206.55
HI	2005	3	219.42
HI	2005	4	227.59
HI	2006	1	235.41
HI	2006	2	236.58
HI	2006	3	237.66
HI	2006	4	240.84
HI	2007	1	238.24
HI	2007	2	239.31
HI	2007	3	230.26
HI	2007	4	230.63
HI	2008	1	227.62
HI	2008	2	222.60
HI	2008	3	212.05
HI	2008	4	207.51
HI	2009	1	207.30
HI	2009	2	193.99
HI	2009	3	185.00
HI	2009	4	181.09
HI	2010	1	176.57
HI	2010	2	173.22
HI	2010	3	172.00
HI	2010	4	165.62
HI	2011	1	164.77
HI	2011	2	157.19
HI	2011	3	159.25
HI	2011	4	161.40
HI	2012	1	158.90
HI	2012	2	158.00
HI	2012	3	166.74
HI	2012	4	165.48
HI	2013	1	165.13
HI	2013	2	170.62
HI	2013	3	175.56
HI	2013	4	180.49
HI	2014	1	179.96
HI	2014	2	186.62
HI	2014	3	193.16
HI	2014	4	194.85
HI	2015	1	197.06
HI	2015	2	204.74
HI	2015	3	204.79
HI	2015	4	205.04
HI	2016	1	206.01
IA	1995	1	100.00
IA	1995	2	102.11
IA	1995	3	104.05
IA	1995	4	104.64
IA	1996	1	107.80
IA	1996	2	107.85
IA	1996	3	110.02
IA	1996	4	111.12
IA	1997	1	112.85
IA	1997	2	113.82
IA	1997	3	115.95
IA	1997	4	116.42
IA	1998	1	118.37
IA	1998	2	120.61
IA	1998	3	122.15
IA	1998	4	123.56
IA	1999	1	124.69
IA	1999	2	126.86
IA	1999	3	127.01
IA	1999	4	128.12
IA	2000	1	129.44
IA	2000	2	130.25
IA	2000	3	132.45
IA	2000	4	133.80
IA	2001	1	136.14
IA	2001	2	138.18
IA	2001	3	138.82
IA	2001	4	140.41
IA	2002	1	142.02
IA	2002	2	142.27
IA	2002	3	143.57
IA	2002	4	145.24
IA	2003	1	145.53
IA	2003	2	146.89
IA	2003	3	148.88
IA	2003	4	151.38
IA	2004	1	152.72
IA	2004	2	153.85
IA	2004	3	155.42
IA	2004	4	157.54
IA	2005	1	160.33
IA	2005	2	161.90
IA	2005	3	164.32
IA	2005	4	166.71
IA	2006	1	167.80
IA	2006	2	167.96
IA	2006	3	169.06
IA	2006	4	171.27
IA	2007	1	172.14
IA	2007	2	173.94
IA	2007	3	174.59
IA	2007	4	175.33
IA	2008	1	176.59
IA	2008	2	176.78
IA	2008	3	175.65
IA	2008	4	176.33
IA	2009	1	178.34
IA	2009	2	177.12
IA	2009	3	175.94
IA	2009	4	176.25
IA	2010	1	174.40
IA	2010	2	175.51
IA	2010	3	176.91
IA	2010	4	177.25
IA	2011	1	176.61
IA	2011	2	175.50
IA	2011	3	177.22
IA	2011	4	178.12
IA	2012	1	178.66
IA	2012	2	179.12
IA	2012	3	180.50
IA	2012	4	181.53
IA	2013	1	181.86
IA	2013	2	183.33
IA	2013	3	183.90
IA	2013	4	184.14
IA	2014	1	184.88
IA	2014	2	185.62
IA	2014	3	188.71
IA	2014	4	189.68
IA	2015	1	190.58
IA	2015	2	193.79
IA	2015	3	194.79
IA	2015	4	199.84
IA	2016	1	198.89
ID	1995	1	100.00
ID	1995	2	103.06
ID	1995	3	104.65
ID	1995	4	107.03
ID	1996	1	107.48
ID	1996	2	107.30
ID	1996	3	110.00
ID	1996	4	109.73
ID	1997	1	110.84
ID	1997	2	110.80
ID	1997	3	113.10
ID	1997	4	114.91
ID	1998	1	116.24
ID	1998	2	116.38
ID	1998	3	117.06
ID	1998	4	117.41
ID	1999	1	117.59
ID	1999	2	118.65
ID	1999	3	117.06
ID	1999	4	116.93
ID	2000	1	119.48
ID	2000	2	118.73
ID	2000	3	118.91
ID	2000	4	121.25
ID	2001	1	123.75
ID	2001	2	125.11
ID	2001	3	124.86
ID	2001	4	126.34
ID	2002	1	127.04
ID	2002	2	127.91
ID	2002	3	129.19
ID	2002	4	131.15
ID	2003	1	131.95
ID	2003	2	133.65
ID	2003	3	134.55
ID	2003	4	137.67
ID	2004	1	139.31
ID	2004	2	143.87
ID	2004	3	148.21
ID	2004	4	152.54
ID	2005	1	155.88
ID	2005	2	160.78
ID	2005	3	169.38
ID	2005	4	174.73
ID	2006	1	178.24
ID	2006	2	185.56
ID	2006	3	190.87
ID	2006	4	195.37
ID	2007	1	198.43
ID	2007	2	200.85
ID	2007	3	202.40
ID	2007	4	202.94
ID	2008	1	204.92
ID	2008	2	201.17
ID	2008	3	199.12
ID	2008	4	197.43
ID	2009	1	200.08
ID	2009	2	195.31
ID	2009	3	188.22
ID	2009	4	186.52
ID	2010	1	180.07
ID	2010	2	177.17
ID	2010	3	177.24
ID	2010	4	173.26
ID	2011	1	166.37
ID	2011	2	160.93
ID	2011	3	163.32
ID	2011	4	165.74
ID	2012	1	161.18
ID	2012	2	161.60
ID	2012	3	166.12
ID	2012	4	165.71
ID	2013	1	165.88
ID	2013	2	165.19
ID	2013	3	169.38
ID	2013	4	169.72
ID	2014	1	170.84
ID	2014	2	171.72
ID	2014	3	172.05
ID	2014	4	174.85
ID	2015	1	180.77
ID	2015	2	181.18
ID	2015	3	186.58
ID	2015	4	185.89
ID	2016	1	187.43
IL	1995	1	100.00
IL	1995	2	101.38
IL	1995	3	102.89
IL	1995	4	103.92
IL	1996	1	105.14
IL	1996	2	106.89
IL	1996	3	107.93
IL	1996	4	108.82
IL	1997	1	108.97
IL	1997	2	110.30
IL	1997	3	111.44
IL	1997	4	112.44
IL	1998	1	112.98
IL	1998	2	114.15
IL	1998	3	115.06
IL	1998	4	116.37
IL	1999	1	117.09
IL	1999	2	117.80
IL	1999	3	117.18
IL	1999	4	117.62
IL	2000	1	118.77
IL	2000	2	120.11
IL	2000	3	120.77
IL	2000	4	121.75
IL	2001	1	123.43
IL	2001	2	125.06
IL	2001	3	125.77
IL	2001	4	126.38
IL	2002	1	127.45
IL	2002	2	128.46
IL	2002	3	129.13
IL	2002	4	130.42
IL	2003	1	131.23
IL	2003	2	131.36
IL	2003	3	132.64
IL	2003	4	135.23
IL	2004	1	135.50
IL	2004	2	137.60
IL	2004	3	139.63
IL	2004	4	141.63
IL	2005	1	143.59
IL	2005	2	144.20
IL	2005	3	147.15
IL	2005	4	148.06
IL	2006	1	150.95
IL	2006	2	152.03
IL	2006	3	153.37
IL	2006	4	154.44
IL	2007	1	156.94
IL	2007	2	156.75
IL	2007	3	157.31
IL	2007	4	158.49
IL	2008	1	159.07
IL	2008	2	158.07
IL	2008	3	156.43
IL	2008	4	157.39
IL	2009	1	158.41
IL	2009	2	157.55
IL	2009	3	156.05
IL	2009	4	155.67
IL	2010	1	154.99
IL	2010	2	154.43
IL	2010	3	156.92
IL	2010	4	156.55
IL	2011	1	154.32
IL	2011	2	152.94
IL	2011	3	154.89
IL	2011	4	155.70
IL	2012	1	154.93
IL	2012	2	155.25
IL	2012	3	156.74
IL	2012	4	156.94
IL	2013	1	156.91
IL	2013	2	157.17
IL	2013	3	156.47
IL	2013	4	156.48
IL	2014	1	155.95
IL	2014	2	156.69
IL	2014	3	158.48
IL	2014	4	159.94
IL	2015	1	161.82
IL	2015	2	160.52
IL	2015	3	161.22
IL	2015	4	163.50
IL	2016	1	164.88
IN	1995	1	100.00
IN	1995	2	102.35
IN	1995	3	103.75
IN	1995	4	105.55
IN	1996	1	106.15
IN	1996	2	109.01
IN	1996	3	110.99
IN	1996	4	112.65
IN	1997	1	114.17
IN	1997	2	115.95
IN	1997	3	117.51
IN	1997	4	119.59
IN	1998	1	119.94
IN	1998	2	122.08
IN	1998	3	123.77
IN	1998	4	124.86
IN	1999	1	126.46
IN	1999	2	128.12
IN	1999	3	129.58
IN	1999	4	130.25
IN	2000	1	132.03
IN	2000	2	132.76
IN	2000	3	134.83
IN	2000	4	135.99
IN	2001	1	139.04
IN	2001	2	140.30
IN	2001	3	141.10
IN	2001	4	142.15
IN	2002	1	143.41
IN	2002	2	144.00
IN	2002	3	145.28
IN	2002	4	145.65
IN	2003	1	146.65
IN	2003	2	147.90
IN	2003	3	149.22
IN	2003	4	150.61
IN	2004	1	151.70
IN	2004	2	152.04
IN	2004	3	154.32
IN	2004	4	155.37
IN	2005	1	157.09
IN	2005	2	158.82
IN	2005	3	160.35
IN	2005	4	160.86
IN	2006	1	160.56
IN	2006	2	160.24
IN	2006	3	161.72
IN	2006	4	163.29
IN	2007	1	162.98
IN	2007	2	164.16
IN	2007	3	163.11
IN	2007	4	163.84
IN	2008	1	165.47
IN	2008	2	164.20
IN	2008	3	161.68
IN	2008	4	162.55
IN	2009	1	164.83
IN	2009	2	162.30
IN	2009	3	158.98
IN	2009	4	159.60
IN	2010	1	155.65
IN	2010	2	157.18
IN	2010	3	159.11
IN	2010	4	159.12
IN	2011	1	156.23
IN	2011	2	155.42
IN	2011	3	156.54
IN	2011	4	158.29
IN	2012	1	156.73
IN	2012	2	156.53
IN	2012	3	158.11
IN	2012	4	158.44
IN	2013	1	158.93
IN	2013	2	158.51
IN	2013	3	157.67
IN	2013	4	159.02
IN	2014	1	158.51
IN	2014	2	160.34
IN	2014	3	161.67
IN	2014	4	163.71
IN	2015	1	165.63
IN	2015	2	167.04
IN	2015	3	166.97
IN	2015	4	170.13
IN	2016	1	168.98
KS	1995	1	100.00
KS	1995	2	102.83
KS	1995	3	104.83
KS	1995	4	107.12
KS	1996	1	107.40
KS	1996	2	108.72
KS	1996	3	110.40
KS	1996	4	111.91
KS	1997	1	112.74
KS	1997	2	114.34
KS	1997	3	114.78
KS	1997	4	117.18
KS	1998	1	117.62
KS	1998	2	118.78
KS	1998	3	120.37
KS	1998	4	121.48
KS	1999	1	123.01
KS	1999	2	124.00
KS	1999	3	123.92
KS	1999	4	123.25
KS	2000	1	125.90
KS	2000	2	126.61
KS	2000	3	127.84
KS	2000	4	128.65
KS	2001	1	131.58
KS	2001	2	133.01
KS	2001	3	133.71
KS	2001	4	134.96
KS	2002	1	136.43
KS	2002	2	136.99
KS	2002	3	138.33
KS	2002	4	139.34
KS	2003	1	139.91
KS	2003	2	140.84
KS	2003	3	142.51
KS	2003	4	144.44
KS	2004	1	145.15
KS	2004	2	147.56
KS	2004	3	147.88
KS	2004	4	149.71
KS	2005	1	149.64
KS	2005	2	152.21
KS	2005	3	154.54
KS	2005	4	155.17
KS	2006	1	156.30
KS	2006	2	158.55
KS	2006	3	160.15
KS	2006	4	163.15
KS	2007	1	161.82
KS	2007	2	165.41
KS	2007	3	165.51
KS	2007	4	165.81
KS	2008	1	167.49
KS	2008	2	166.85
KS	2008	3	165.86
KS	2008	4	166.88
KS	2009	1	168.67
KS	2009	2	168.73
KS	2009	3	168.04
KS	2009	4	169.27
KS	2010	1	167.36
KS	2010	2	168.10
KS	2010	3	170.18
KS	2010	4	170.83
KS	2011	1	169.21
KS	2011	2	165.82
KS	2011	3	169.98
KS	2011	4	170.78
KS	2012	1	170.64
KS	2012	2	171.45
KS	2012	3	172.61
KS	2012	4	173.42
KS	2013	1	174.35
KS	2013	2	173.46
KS	2013	3	175.32
KS	2013	4	175.34
KS	2014	1	178.57
KS	2014	2	177.60
KS	2014	3	180.64
KS	2014	4	179.30
KS	2015	1	183.25
KS	2015	2	182.79
KS	2015	3	185.23
KS	2015	4	187.96
KS	2016	1	188.68
KY	1995	1	100.00
KY	1995	2	101.88
KY	1995	3	103.96
KY	1995	4	104.35
KY	1996	1	106.24
KY	1996	2	106.46
KY	1996	3	107.60
KY	1996	4	109.65
KY	1997	1	111.11
KY	1997	2	111.65
KY	1997	3	113.11
KY	1997	4	114.54
KY	1998	1	115.33
KY	1998	2	116.19
KY	1998	3	117.55
KY	1998	4	119.51
KY	1999	1	120.27
KY	1999	2	120.86
KY	1999	3	121.49
KY	1999	4	122.19
KY	2000	1	123.09
KY	2000	2	124.61
KY	2000	3	125.56
KY	2000	4	126.69
KY	2001	1	129.41
KY	2001	2	130.51
KY	2001	3	131.72
KY	2001	4	132.67
KY	2002	1	133.54
KY	2002	2	134.43
KY	2002	3	135.95
KY	2002	4	137.23
KY	2003	1	138.59
KY	2003	2	139.68
KY	2003	3	140.57
KY	2003	4	143.46
KY	2004	1	144.50
KY	2004	2	145.60
KY	2004	3	147.40
KY	2004	4	150.67
KY	2005	1	151.67
KY	2005	2	153.83
KY	2005	3	156.66
KY	2005	4	157.84
KY	2006	1	160.22
KY	2006	2	161.12
KY	2006	3	162.55
KY	2006	4	165.04
KY	2007	1	166.41
KY	2007	2	168.07
KY	2007	3	168.14
KY	2007	4	169.93
KY	2008	1	170.55
KY	2008	2	171.48
KY	2008	3	169.06
KY	2008	4	170.59
KY	2009	1	172.07
KY	2009	2	170.61
KY	2009	3	168.82
KY	2009	4	168.61
KY	2010	1	167.57
KY	2010	2	166.16
KY	2010	3	169.79
KY	2010	4	169.77
KY	2011	1	167.89
KY	2011	2	165.01
KY	2011	3	167.62
KY	2011	4	168.21
KY	2012	1	169.07
KY	2012	2	168.76
KY	2012	3	169.36
KY	2012	4	170.81
KY	2013	1	169.99
KY	2013	2	169.17
KY	2013	3	169.14
KY	2013	4	168.22
KY	2014	1	168.15
KY	2014	2	168.76
KY	2014	3	169.24
KY	2014	4	172.56
KY	2015	1	172.98
KY	2015	2	174.71
KY	2015	3	176.41
KY	2015	4	175.24
KY	2016	1	177.46
LA	1995	1	100.00
LA	1995	2	101.26
LA	1995	3	102.41
LA	1995	4	102.23
LA	1996	1	106.29
LA	1996	2	105.98
LA	1996	3	105.91
LA	1996	4	107.95
LA	1997	1	107.38
LA	1997	2	109.32
LA	1997	3	110.98
LA	1997	4	113.14
LA	1998	1	115.12
LA	1998	2	115.59
LA	1998	3	117.41
LA	1998	4	118.46
LA	1999	1	119.12
LA	1999	2	120.06
LA	1999	3	120.90
LA	1999	4	120.00
LA	2000	1	122.62
LA	2000	2	123.17
LA	2000	3	125.18
LA	2000	4	125.01
LA	2001	1	128.20
LA	2001	2	129.38
LA	2001	3	131.66
LA	2001	4	131.99
LA	2002	1	133.92
LA	2002	2	135.25
LA	2002	3	136.61
LA	2002	4	139.09
LA	2003	1	142.53
LA	2003	2	141.79
LA	2003	3	143.45
LA	2003	4	145.21
LA	2004	1	146.28
LA	2004	2	149.33
LA	2004	3	151.48
LA	2004	4	152.62
LA	2005	1	153.53
LA	2005	2	155.65
LA	2005	3	160.46
LA	2005	4	160.88
LA	2006	1	167.06
LA	2006	2	169.04
LA	2006	3	174.50
LA	2006	4	177.24
LA	2007	1	179.31
LA	2007	2	183.71
LA	2007	3	184.32
LA	2007	4	187.41
LA	2008	1	188.46
LA	2008	2	190.43
LA	2008	3	189.49
LA	2008	4	188.48
LA	2009	1	192.29
LA	2009	2	191.13
LA	2009	3	190.70
LA	2009	4	189.55
LA	2010	1	188.01
LA	2010	2	192.17
LA	2010	3	192.25
LA	2010	4	193.38
LA	2011	1	188.88
LA	2011	2	189.45
LA	2011	3	192.09
LA	2011	4	195.05
LA	2012	1	192.75
LA	2012	2	191.20
LA	2012	3	196.14
LA	2012	4	197.88
LA	2013	1	195.67
LA	2013	2	196.56
LA	2013	3	199.95
LA	2013	4	201.16
LA	2014	1	201.45
LA	2014	2	204.44
LA	2014	3	208.12
LA	2014	4	205.61
LA	2015	1	210.31
LA	2015	2	210.21
LA	2015	3	213.59
LA	2015	4	212.27
LA	2016	1	216.51
MA	1995	1	100.00
MA	1995	2	101.17
MA	1995	3	105.90
MA	1995	4	104.29
MA	1996	1	103.42
MA	1996	2	103.94
MA	1996	3	105.76
MA	1996	4	106.38
MA	1997	1	105.40
MA	1997	2	108.80
MA	1997	3	108.17
MA	1997	4	113.06
MA	1998	1	113.24
MA	1998	2	115.59
MA	1998	3	118.91
MA	1998	4	120.82
MA	1999	1	122.06
MA	1999	2	125.23
MA	1999	3	127.21
MA	1999	4	134.66
MA	2000	1	144.16
MA	2000	2	144.38
MA	2000	3	149.44
MA	2000	4	155.72
MA	2001	1	156.09
MA	2001	2	158.68
MA	2001	3	161.21
MA	2001	4	163.29
MA	2002	1	167.97
MA	2002	2	171.33
MA	2002	3	177.38
MA	2002	4	181.16
MA	2003	1	182.55
MA	2003	2	183.77
MA	2003	3	191.95
MA	2003	4	196.57
MA	2004	1	203.26
MA	2004	2	211.54
MA	2004	3	223.71
MA	2004	4	233.89
MA	2005	1	238.11
MA	2005	2	244.33
MA	2005	3	255.71
MA	2005	4	256.39
MA	2006	1	257.81
MA	2006	2	259.24
MA	2006	3	262.30
MA	2006	4	270.79
MA	2007	1	264.11
MA	2007	2	263.36
MA	2007	3	255.96
MA	2007	4	262.35
MA	2008	1	254.63
MA	2008	2	250.06
MA	2008	3	249.76
MA	2008	4	249.38
MA	2009	1	255.67
MA	2009	2	246.16
MA	2009	3	244.39
MA	2009	4	236.51
MA	2010	1	234.87
MA	2010	2	231.36
MA	2010	3	238.59
MA	2010	4	238.69
MA	2011	1	231.84
MA	2011	2	228.51
MA	2011	3	236.59
MA	2011	4	230.99
MA	2012	1	230.78
MA	2012	2	226.58
MA	2012	3	229.80
MA	2012	4	232.24
MA	2013	1	235.09
MA	2013	2	235.39
MA	2013	3	223.86
MA	2013	4	236.61
MA	2014	1	224.71
MA	2014	2	236.81
MA	2014	3	237.99
MA	2014	4	238.08
MA	2015	1	240.24
MA	2015	2	241.85
MA	2015	3	236.04
MA	2015	4	251.76
MA	2016	1	246.79
MD	1995	1	100.00
MD	1995	2	102.63
MD	1995	3	104.38
MD	1995	4	107.58
MD	1996	1	106.51
MD	1996	2	108.92
MD	1996	3	104.97
MD	1996	4	108.41
MD	1997	1	108.19
MD	1997	2	110.08
MD	1997	3	110.75
MD	1997	4	113.00
MD	1998	1	114.10
MD	1998	2	115.07
MD	1998	3	116.59
MD	1998	4	117.30
MD	1999	1	119.67
MD	1999	2	120.79
MD	1999	3	118.33
MD	1999	4	122.29
MD	2000	1	126.86
MD	2000	2	124.66
MD	2000	3	128.20
MD	2000	4	129.86
MD	2001	1	133.42
MD	2001	2	135.42
MD	2001	3	139.24
MD	2001	4	141.50
MD	2002	1	144.93
MD	2002	2	148.55
MD	2002	3	152.94
MD	2002	4	155.84
MD	2003	1	156.85
MD	2003	2	160.88
MD	2003	3	164.48
MD	2003	4	174.41
MD	2004	1	177.64
MD	2004	2	186.24
MD	2004	3	196.53
MD	2004	4	205.90
MD	2005	1	214.75
MD	2005	2	226.43
MD	2005	3	236.14
MD	2005	4	245.74
MD	2006	1	250.61
MD	2006	2	257.93
MD	2006	3	260.21
MD	2006	4	260.69
MD	2007	1	265.65
MD	2007	2	265.24
MD	2007	3	264.73
MD	2007	4	263.21
MD	2008	1	264.47
MD	2008	2	260.56
MD	2008	3	252.44
MD	2008	4	248.63
MD	2009	1	249.79
MD	2009	2	245.90
MD	2009	3	236.29
MD	2009	4	227.88
MD	2010	1	219.90
MD	2010	2	218.83
MD	2010	3	216.81
MD	2010	4	216.31
MD	2011	1	210.24
MD	2011	2	207.62
MD	2011	3	208.97
MD	2011	4	210.12
MD	2012	1	205.54
MD	2012	2	201.50
MD	2012	3	204.90
MD	2012	4	208.63
MD	2013	1	202.45
MD	2013	2	202.80
MD	2013	3	199.68
MD	2013	4	197.30
MD	2014	1	200.09
MD	2014	2	194.50
MD	2014	3	200.43
MD	2014	4	200.70
MD	2015	1	198.38
MD	2015	2	200.79
MD	2015	3	201.91
MD	2015	4	204.36
MD	2016	1	209.37
ME	1995	1	100.00
ME	1995	2	100.26
ME	1995	3	103.24
ME	1995	4	98.28
ME	1996	1	105.47
ME	1996	2	98.24
ME	1996	3	98.85
ME	1996	4	101.71
ME	1997	1	101.79
ME	1997	2	100.62
ME	1997	3	102.32
ME	1997	4	106.39
ME	1998	1	105.29
ME	1998	2	103.86
ME	1998	3	106.02
ME	1998	4	107.33
ME	1999	1	107.57
ME	1999	2	107.64
ME	1999	3	109.46
ME	1999	4	109.61
ME	2000	1	110.83
ME	2000	2	112.69
ME	2000	3	114.12
ME	2000	4	116.70
ME	2001	1	118.90
ME	2001	2	122.31
ME	2001	3	123.01
ME	2001	4	126.30
ME	2002	1	128.97
ME	2002	2	131.05
ME	2002	3	134.92
ME	2002	4	135.78
ME	2003	1	139.02
ME	2003	2	140.87
ME	2003	3	144.23
ME	2003	4	149.80
ME	2004	1	154.69
ME	2004	2	158.84
ME	2004	3	165.74
ME	2004	4	171.37
ME	2005	1	174.27
ME	2005	2	179.76
ME	2005	3	182.41
ME	2005	4	189.43
ME	2006	1	189.72
ME	2006	2	190.66
ME	2006	3	193.81
ME	2006	4	198.50
ME	2007	1	200.14
ME	2007	2	199.77
ME	2007	3	196.79
ME	2007	4	199.67
ME	2008	1	203.05
ME	2008	2	201.58
ME	2008	3	196.64
ME	2008	4	194.33
ME	2009	1	195.90
ME	2009	2	193.42
ME	2009	3	188.03
ME	2009	4	187.34
ME	2010	1	184.93
ME	2010	2	183.98
ME	2010	3	185.40
ME	2010	4	187.10
ME	2011	1	183.62
ME	2011	2	181.23
ME	2011	3	183.98
ME	2011	4	183.43
ME	2012	1	178.93
ME	2012	2	177.90
ME	2012	3	179.21
ME	2012	4	178.77
ME	2013	1	178.67
ME	2013	2	180.35
ME	2013	3	178.11
ME	2013	4	176.17
ME	2014	1	171.63
ME	2014	2	177.67
ME	2014	3	181.60
ME	2014	4	181.89
ME	2015	1	181.95
ME	2015	2	184.06
ME	2015	3	184.35
ME	2015	4	182.31
ME	2016	1	184.99
MI	1995	1	100.00
MI	1995	2	101.37
MI	1995	3	102.90
MI	1995	4	104.55
MI	1996	1	105.73
MI	1996	2	109.05
MI	1996	3	112.01
MI	1996	4	113.26
MI	1997	1	115.62
MI	1997	2	117.24
MI	1997	3	119.34
MI	1997	4	121.05
MI	1998	1	121.47
MI	1998	2	124.73
MI	1998	3	126.86
MI	1998	4	127.47
MI	1999	1	130.11
MI	1999	2	133.45
MI	1999	3	136.64
MI	1999	4	138.51
MI	2000	1	142.14
MI	2000	2	143.57
MI	2000	3	146.40
MI	2000	4	148.65
MI	2001	1	150.54
MI	2001	2	152.81
MI	2001	3	154.64
MI	2001	4	155.76
MI	2002	1	158.20
MI	2002	2	159.89
MI	2002	3	160.98
MI	2002	4	162.05
MI	2003	1	163.41
MI	2003	2	164.79
MI	2003	3	167.13
MI	2003	4	171.10
MI	2004	1	171.53
MI	2004	2	174.00
MI	2004	3	177.76
MI	2004	4	180.86
MI	2005	1	182.66
MI	2005	2	183.96
MI	2005	3	186.56
MI	2005	4	187.02
MI	2006	1	188.03
MI	2006	2	186.39
MI	2006	3	185.82
MI	2006	4	187.85
MI	2007	1	187.12
MI	2007	2	185.85
MI	2007	3	183.10
MI	2007	4	183.47
MI	2008	1	183.98
MI	2008	2	180.30
MI	2008	3	175.49
MI	2008	4	174.88
MI	2009	1	177.69
MI	2009	2	172.12
MI	2009	3	167.76
MI	2009	4	165.34
MI	2010	1	162.20
MI	2010	2	159.44
MI	2010	3	162.54
MI	2010	4	162.45
MI	2011	1	156.65
MI	2011	2	153.07
MI	2011	3	156.32
MI	2011	4	156.87
MI	2012	1	154.42
MI	2012	2	153.78
MI	2012	3	154.83
MI	2012	4	156.49
MI	2013	1	155.11
MI	2013	2	156.00
MI	2013	3	157.64
MI	2013	4	156.34
MI	2014	1	157.05
MI	2014	2	161.04
MI	2014	3	163.11
MI	2014	4	163.94
MI	2015	1	164.39
MI	2015	2	168.22
MI	2015	3	171.56
MI	2015	4	172.51
MI	2016	1	173.20
MN	1995	1	100.00
MN	1995	2	101.78
MN	1995	3	103.91
MN	1995	4	106.27
MN	1996	1	107.82
MN	1996	2	108.48
MN	1996	3	109.12
MN	1996	4	110.37
MN	1997	1	113.27
MN	1997	2	114.12
MN	1997	3	115.77
MN	1997	4	118.29
MN	1998	1	120.09
MN	1998	2	120.95
MN	1998	3	123.85
MN	1998	4	124.69
MN	1999	1	126.39
MN	1999	2	127.58
MN	1999	3	128.97
MN	1999	4	130.43
MN	2000	1	132.71
MN	2000	2	135.25
MN	2000	3	137.57
MN	2000	4	140.11
MN	2001	1	143.95
MN	2001	2	146.68
MN	2001	3	149.48
MN	2001	4	151.86
MN	2002	1	154.42
MN	2002	2	156.85
MN	2002	3	159.67
MN	2002	4	162.85
MN	2003	1	164.48
MN	2003	2	165.45
MN	2003	3	170.16
MN	2003	4	175.17
MN	2004	1	177.73
MN	2004	2	180.70
MN	2004	3	186.50
MN	2004	4	189.58
MN	2005	1	192.45
MN	2005	2	197.39
MN	2005	3	201.53
MN	2005	4	205.62
MN	2006	1	206.38
MN	2006	2	206.74
MN	2006	3	207.42
MN	2006	4	211.21
MN	2007	1	214.30
MN	2007	2	213.03
MN	2007	3	209.22
MN	2007	4	210.47
MN	2008	1	212.00
MN	2008	2	209.33
MN	2008	3	205.45
MN	2008	4	205.02
MN	2009	1	209.03
MN	2009	2	205.86
MN	2009	3	198.72
MN	2009	4	196.24
MN	2010	1	194.32
MN	2010	2	191.82
MN	2010	3	196.04
MN	2010	4	195.59
MN	2011	1	189.73
MN	2011	2	185.90
MN	2011	3	188.02
MN	2011	4	191.51
MN	2012	1	187.97
MN	2012	2	187.15
MN	2012	3	189.05
MN	2012	4	189.71
MN	2013	1	190.73
MN	2013	2	192.36
MN	2013	3	191.52
MN	2013	4	190.78
MN	2014	1	192.39
MN	2014	2	195.24
MN	2014	3	195.09
MN	2014	4	198.00
MN	2015	1	198.66
MN	2015	2	202.09
MN	2015	3	204.68
MN	2015	4	205.82
MN	2016	1	205.87
MO	1995	1	100.00
MO	1995	2	101.19
MO	1995	3	104.22
MO	1995	4	104.61
MO	1996	1	107.37
MO	1996	2	106.76
MO	1996	3	106.40
MO	1996	4	109.48
MO	1997	1	109.81
MO	1997	2	110.55
MO	1997	3	112.91
MO	1997	4	113.25
MO	1998	1	115.09
MO	1998	2	115.58
MO	1998	3	117.96
MO	1998	4	118.69
MO	1999	1	120.62
MO	1999	2	119.44
MO	1999	3	119.45
MO	1999	4	120.80
MO	2000	1	121.72
MO	2000	2	122.03
MO	2000	3	123.89
MO	2000	4	125.61
MO	2001	1	128.05
MO	2001	2	129.92
MO	2001	3	130.79
MO	2001	4	132.82
MO	2002	1	134.42
MO	2002	2	135.04
MO	2002	3	136.50
MO	2002	4	138.21
MO	2003	1	139.46
MO	2003	2	140.09
MO	2003	3	141.80
MO	2003	4	143.59
MO	2004	1	145.25
MO	2004	2	146.94
MO	2004	3	149.65
MO	2004	4	152.96
MO	2005	1	155.07
MO	2005	2	156.71
MO	2005	3	160.95
MO	2005	4	162.08
MO	2006	1	166.56
MO	2006	2	168.65
MO	2006	3	169.77
MO	2006	4	172.57
MO	2007	1	175.88
MO	2007	2	175.94
MO	2007	3	175.48
MO	2007	4	177.07
MO	2008	1	178.15
MO	2008	2	177.22
MO	2008	3	175.56
MO	2008	4	176.38
MO	2009	1	177.35
MO	2009	2	175.43
MO	2009	3	172.03
MO	2009	4	171.06
MO	2010	1	169.75
MO	2010	2	168.74
MO	2010	3	171.09
MO	2010	4	171.00
MO	2011	1	167.97
MO	2011	2	163.90
MO	2011	3	167.78
MO	2011	4	169.38
MO	2012	1	168.37
MO	2012	2	167.01
MO	2012	3	168.33
MO	2012	4	170.17
MO	2013	1	169.21
MO	2013	2	169.80
MO	2013	3	168.06
MO	2013	4	167.52
MO	2014	1	167.39
MO	2014	2	170.22
MO	2014	3	169.64
MO	2014	4	171.57
MO	2015	1	174.12
MO	2015	2	175.54
MO	2015	3	176.91
MO	2015	4	176.84
MO	2016	1	178.94
MS	1995	1	100.00
MS	1995	2	101.72
MS	1995	3	103.01
MS	1995	4	103.65
MS	1996	1	104.61
MS	1996	2	105.37
MS	1996	3	107.74
MS	1996	4	108.95
MS	1997	1	109.86
MS	1997	2	109.83
MS	1997	3	111.59
MS	1997	4	113.85
MS	1998	1	115.05
MS	1998	2	117.29
MS	1998	3	117.41
MS	1998	4	119.78
MS	1999	1	120.08
MS	1999	2	122.42
MS	1999	3	122.62
MS	1999	4	122.98
MS	2000	1	123.69
MS	2000	2	124.59
MS	2000	3	126.60
MS	2000	4	127.38
MS	2001	1	131.05
MS	2001	2	131.66
MS	2001	3	133.55
MS	2001	4	134.52
MS	2002	1	134.95
MS	2002	2	134.04
MS	2002	3	136.99
MS	2002	4	138.16
MS	2003	1	138.91
MS	2003	2	140.07
MS	2003	3	140.65
MS	2003	4	141.61
MS	2004	1	142.08
MS	2004	2	144.53
MS	2004	3	145.31
MS	2004	4	146.25
MS	2005	1	148.32
MS	2005	2	150.56
MS	2005	3	152.47
MS	2005	4	156.24
MS	2006	1	157.09
MS	2006	2	160.91
MS	2006	3	165.20
MS	2006	4	167.57
MS	2007	1	170.39
MS	2007	2	170.98
MS	2007	3	171.90
MS	2007	4	174.70
MS	2008	1	174.77
MS	2008	2	174.83
MS	2008	3	173.74
MS	2008	4	175.30
MS	2009	1	175.26
MS	2009	2	174.46
MS	2009	3	171.38
MS	2009	4	171.10
MS	2010	1	169.65
MS	2010	2	167.72
MS	2010	3	169.84
MS	2010	4	169.58
MS	2011	1	166.69
MS	2011	2	167.71
MS	2011	3	169.23
MS	2011	4	169.80
MS	2012	1	168.82
MS	2012	2	169.57
MS	2012	3	170.12
MS	2012	4	169.41
MS	2013	1	170.66
MS	2013	2	171.24
MS	2013	3	170.53
MS	2013	4	172.02
MS	2014	1	170.96
MS	2014	2	172.17
MS	2014	3	175.00
MS	2014	4	176.72
MS	2015	1	178.17
MS	2015	2	178.82
MS	2015	3	179.37
MS	2015	4	182.33
MS	2016	1	181.95
MT	1995	1	100.00
MT	1995	2	102.74
MT	1995	3	105.42
MT	1995	4	104.76
MT	1996	1	106.73
MT	1996	2	108.18
MT	1996	3	108.43
MT	1996	4	109.23
MT	1997	1	108.86
MT	1997	2	110.07
MT	1997	3	111.75
MT	1997	4	113.57
MT	1998	1	114.27
MT	1998	2	114.29
MT	1998	3	114.66
MT	1998	4	116.05
MT	1999	1	116.32
MT	1999	2	117.64
MT	1999	3	118.19
MT	1999	4	118.26
MT	2000	1	120.48
MT	2000	2	120.91
MT	2000	3	122.71
MT	2000	4	124.62
MT	2001	1	127.54
MT	2001	2	128.57
MT	2001	3	129.61
MT	2001	4	130.85
MT	2002	1	133.41
MT	2002	2	134.33
MT	2002	3	136.66
MT	2002	4	138.21
MT	2003	1	139.64
MT	2003	2	142.34
MT	2003	3	144.95
MT	2003	4	148.82
MT	2004	1	151.16
MT	2004	2	155.08
MT	2004	3	161.40
MT	2004	4	166.15
MT	2005	1	170.40
MT	2005	2	177.74
MT	2005	3	184.76
MT	2005	4	192.05
MT	2006	1	197.28
MT	2006	2	203.58
MT	2006	3	209.86
MT	2006	4	214.04
MT	2007	1	219.02
MT	2007	2	221.96
MT	2007	3	224.10
MT	2007	4	225.41
MT	2008	1	227.28
MT	2008	2	225.45
MT	2008	3	221.27
MT	2008	4	222.84
MT	2009	1	224.02
MT	2009	2	220.23
MT	2009	3	213.47
MT	2009	4	211.61
MT	2010	1	206.74
MT	2010	2	203.47
MT	2010	3	206.37
MT	2010	4	204.80
MT	2011	1	197.45
MT	2011	2	197.58
MT	2011	3	196.73
MT	2011	4	198.24
MT	2012	1	199.39
MT	2012	2	198.65
MT	2012	3	199.14
MT	2012	4	202.87
MT	2013	1	205.13
MT	2013	2	206.54
MT	2013	3	210.35
MT	2013	4	211.51
MT	2014	1	212.39
MT	2014	2	215.39
MT	2014	3	221.03
MT	2014	4	224.72
MT	2015	1	222.73
MT	2015	2	228.12
MT	2015	3	232.73
MT	2015	4	234.32
MT	2016	1	233.69
NC	1995	1	100.00
NC	1995	2	100.14
NC	1995	3	102.87
NC	1995	4	103.13
NC	1996	1	104.32
NC	1996	2	105.31
NC	1996	3	106.66
NC	1996	4	107.75
NC	1997	1	108.82
NC	1997	2	109.94
NC	1997	3	111.68
NC	1997	4	112.90
NC	1998	1	114.35
NC	1998	2	115.88
NC	1998	3	117.50
NC	1998	4	119.20
NC	1999	1	119.81
NC	1999	2	120.90
NC	1999	3	123.14
NC	1999	4	122.43
NC	2000	1	124.96
NC	2000	2	126.49
NC	2000	3	129.46
NC	2000	4	131.29
NC	2001	1	134.20
NC	2001	2	135.46
NC	2001	3	137.10
NC	2001	4	138.87
NC	2002	1	140.37
NC	2002	2	141.49
NC	2002	3	143.58
NC	2002	4	145.70
NC	2003	1	147.68
NC	2003	2	148.49
NC	2003	3	150.30
NC	2003	4	152.13
NC	2004	1	155.37
NC	2004	2	157.69
NC	2004	3	160.80
NC	2004	4	163.34
NC	2005	1	166.84
NC	2005	2	169.42
NC	2005	3	174.14
NC	2005	4	178.63
NC	2006	1	182.20
NC	2006	2	183.79
NC	2006	3	187.01
NC	2006	4	190.48
NC	2007	1	194.43
NC	2007	2	195.11
NC	2007	3	196.12
NC	2007	4	196.56
NC	2008	1	198.88
NC	2008	2	199.49
NC	2008	3	196.28
NC	2008	4	196.40
NC	2009	1	199.52
NC	2009	2	195.86
NC	2009	3	190.80
NC	2009	4	189.02
NC	2010	1	185.17
NC	2010	2	185.24
NC	2010	3	184.77
NC	2010	4	184.93
NC	2011	1	181.00
NC	2011	2	175.12
NC	2011	3	177.14
NC	2011	4	177.65
NC	2012	1	177.16
NC	2012	2	174.06
NC	2012	3	175.24
NC	2012	4	175.40
NC	2013	1	174.54
NC	2013	2	174.31
NC	2013	3	171.20
NC	2013	4	171.55
NC	2014	1	169.56
NC	2014	2	171.59
NC	2014	3	174.16
NC	2014	4	175.12
NC	2015	1	176.82
NC	2015	2	178.64
NC	2015	3	177.91
NC	2015	4	180.07
NC	2016	1	180.19
ND	1995	1	100.00
ND	1995	2	101.80
ND	1995	3	102.36
ND	1995	4	102.41
ND	1996	1	103.63
ND	1996	2	103.65
ND	1996	3	107.71
ND	1996	4	106.69
ND	1997	1	106.52
ND	1997	2	106.82
ND	1997	3	109.46
ND	1997	4	112.15
ND	1998	1	113.67
ND	1998	2	113.57
ND	1998	3	114.74
ND	1998	4	114.35
ND	1999	1	113.93
ND	1999	2	115.13
ND	1999	3	113.51
ND	1999	4	112.54
ND	2000	1	115.64
ND	2000	2	115.77
ND	2000	3	115.50
ND	2000	4	116.03
ND	2001	1	119.11
ND	2001	2	120.12
ND	2001	3	121.18
ND	2001	4	121.68
ND	2002	1	123.18
ND	2002	2	124.15
ND	2002	3	125.90
ND	2002	4	127.14
ND	2003	1	127.62
ND	2003	2	129.05
ND	2003	3	130.75
ND	2003	4	134.21
ND	2004	1	134.80
ND	2004	2	137.52
ND	2004	3	141.83
ND	2004	4	144.36
ND	2005	1	145.93
ND	2005	2	150.24
ND	2005	3	154.78
ND	2005	4	158.85
ND	2006	1	159.83
ND	2006	2	164.72
ND	2006	3	168.00
ND	2006	4	168.70
ND	2007	1	171.17
ND	2007	2	174.99
ND	2007	3	177.40
ND	2007	4	177.93
ND	2008	1	180.86
ND	2008	2	186.29
ND	2008	3	187.41
ND	2008	4	191.04
ND	2009	1	192.06
ND	2009	2	191.68
ND	2009	3	191.47
ND	2009	4	198.96
ND	2010	1	199.53
ND	2010	2	197.91
ND	2010	3	202.56
ND	2010	4	204.29
ND	2011	1	206.27
ND	2011	2	210.00
ND	2011	3	214.64
ND	2011	4	221.35
ND	2012	1	226.38
ND	2012	2	234.72
ND	2012	3	237.33
ND	2012	4	242.92
ND	2013	1	249.76
ND	2013	2	251.58
ND	2013	3	261.67
ND	2013	4	266.35
ND	2014	1	266.13
ND	2014	2	268.79
ND	2014	3	277.13
ND	2014	4	286.83
ND	2015	1	286.50
ND	2015	2	287.52
ND	2015	3	293.17
ND	2015	4	292.99
ND	2016	1	287.73
NE	1995	1	100.00
NE	1995	2	103.23
NE	1995	3	103.57
NE	1995	4	104.16
NE	1996	1	105.53
NE	1996	2	107.04
NE	1996	3	108.09
NE	1996	4	109.53
NE	1997	1	109.27
NE	1997	2	111.01
NE	1997	3	114.40
NE	1997	4	114.54
NE	1998	1	115.75
NE	1998	2	116.76
NE	1998	3	118.02
NE	1998	4	120.17
NE	1999	1	120.46
NE	1999	2	122.09
NE	1999	3	122.16
NE	1999	4	122.32
NE	2000	1	122.94
NE	2000	2	123.80
NE	2000	3	124.67
NE	2000	4	125.54
NE	2001	1	127.69
NE	2001	2	128.46
NE	2001	3	129.67
NE	2001	4	131.34
NE	2002	1	131.53
NE	2002	2	132.24
NE	2002	3	133.61
NE	2002	4	134.55
NE	2003	1	135.73
NE	2003	2	135.73
NE	2003	3	137.79
NE	2003	4	139.36
NE	2004	1	140.29
NE	2004	2	142.92
NE	2004	3	145.38
NE	2004	4	145.23
NE	2005	1	146.39
NE	2005	2	148.10
NE	2005	3	151.89
NE	2005	4	151.49
NE	2006	1	152.22
NE	2006	2	154.21
NE	2006	3	156.21
NE	2006	4	156.08
NE	2007	1	157.59
NE	2007	2	160.50
NE	2007	3	160.69
NE	2007	4	160.29
NE	2008	1	161.72
NE	2008	2	162.49
NE	2008	3	160.71
NE	2008	4	160.88
NE	2009	1	162.59
NE	2009	2	162.22
NE	2009	3	161.66
NE	2009	4	162.49
NE	2010	1	160.49
NE	2010	2	161.03
NE	2010	3	164.20
NE	2010	4	162.73
NE	2011	1	161.87
NE	2011	2	163.09
NE	2011	3	164.40
NE	2011	4	164.52
NE	2012	1	165.79
NE	2012	2	166.81
NE	2012	3	169.20
NE	2012	4	170.17
NE	2013	1	171.02
NE	2013	2	173.76
NE	2013	3	176.98
NE	2013	4	177.75
NE	2014	1	178.28
NE	2014	2	181.33
NE	2014	3	184.73
NE	2014	4	187.64
NE	2015	1	186.05
NE	2015	2	192.80
NE	2015	3	193.86
NE	2015	4	196.18
NE	2016	1	194.83
NH	1995	1	100.00
NH	1995	2	99.98
NH	1995	3	102.60
NH	1995	4	104.05
NH	1996	1	103.65
NH	1996	2	102.89
NH	1996	3	104.62
NH	1996	4	103.52
NH	1997	1	104.22
NH	1997	2	105.45
NH	1997	3	107.07
NH	1997	4	106.95
NH	1998	1	110.02
NH	1998	2	110.53
NH	1998	3	111.91
NH	1998	4	114.18
NH	1999	1	115.48
NH	1999	2	116.97
NH	1999	3	120.98
NH	1999	4	120.53
NH	2000	1	124.98
NH	2000	2	128.56
NH	2000	3	132.70
NH	2000	4	135.63
NH	2001	1	138.62
NH	2001	2	142.72
NH	2001	3	146.89
NH	2001	4	150.49
NH	2002	1	153.67
NH	2002	2	159.01
NH	2002	3	164.98
NH	2002	4	168.32
NH	2003	1	170.61
NH	2003	2	174.48
NH	2003	3	179.82
NH	2003	4	188.89
NH	2004	1	192.36
NH	2004	2	198.76
NH	2004	3	207.55
NH	2004	4	212.27
NH	2005	1	219.04
NH	2005	2	224.71
NH	2005	3	231.57
NH	2005	4	235.57
NH	2006	1	239.34
NH	2006	2	238.37
NH	2006	3	239.35
NH	2006	4	241.05
NH	2007	1	241.70
NH	2007	2	241.05
NH	2007	3	236.62
NH	2007	4	237.84
NH	2008	1	238.58
NH	2008	2	233.64
NH	2008	3	227.37
NH	2008	4	226.21
NH	2009	1	228.11
NH	2009	2	221.00
NH	2009	3	213.16
NH	2009	4	212.26
NH	2010	1	210.68
NH	2010	2	206.94
NH	2010	3	211.24
NH	2010	4	209.00
NH	2011	1	203.88
NH	2011	2	200.28
NH	2011	3	201.01
NH	2011	4	204.02
NH	2012	1	199.16
NH	2012	2	197.56
NH	2012	3	198.54
NH	2012	4	199.15
NH	2013	1	198.29
NH	2013	2	198.11
NH	2013	3	199.83
NH	2013	4	198.93
NH	2014	1	198.96
NH	2014	2	199.90
NH	2014	3	205.29
NH	2014	4	203.92
NH	2015	1	203.91
NH	2015	2	206.78
NH	2015	3	209.32
NH	2015	4	207.30
NH	2016	1	209.78
NM	1995	1	100.00
NM	1995	2	101.14
NM	1995	3	104.62
NM	1995	4	104.14
NM	1996	1	103.62
NM	1996	2	105.81
NM	1996	3	105.40
NM	1996	4	106.25
NM	1997	1	107.14
NM	1997	2	109.40
NM	1997	3	109.25
NM	1997	4	110.74
NM	1998	1	109.91
NM	1998	2	112.92
NM	1998	3	115.01
NM	1998	4	117.32
NM	1999	1	118.43
NM	1999	2	119.35
NM	1999	3	118.85
NM	1999	4	120.48
NM	2000	1	120.05
NM	2000	2	120.45
NM	2000	3	122.13
NM	2000	4	121.37
NM	2001	1	124.32
NM	2001	2	125.38
NM	2001	3	126.66
NM	2001	4	126.71
NM	2002	1	127.58
NM	2002	2	130.37
NM	2002	3	132.56
NM	2002	4	134.50
NM	2003	1	136.19
NM	2003	2	137.56
NM	2003	3	139.87
NM	2003	4	141.01
NM	2004	1	142.93
NM	2004	2	147.51
NM	2004	3	149.31
NM	2004	4	153.52
NM	2005	1	154.18
NM	2005	2	159.59
NM	2005	3	165.53
NM	2005	4	167.79
NM	2006	1	172.61
NM	2006	2	176.25
NM	2006	3	177.58
NM	2006	4	183.39
NM	2007	1	187.89
NM	2007	2	189.28
NM	2007	3	190.20
NM	2007	4	192.13
NM	2008	1	193.36
NM	2008	2	192.86
NM	2008	3	188.26
NM	2008	4	190.53
NM	2009	1	190.74
NM	2009	2	189.17
NM	2009	3	188.51
NM	2009	4	185.53
NM	2010	1	188.16
NM	2010	2	183.62
NM	2010	3	186.09
NM	2010	4	184.94
NM	2011	1	182.82
NM	2011	2	181.53
NM	2011	3	180.68
NM	2011	4	181.43
NM	2012	1	178.92
NM	2012	2	179.87
NM	2012	3	181.62
NM	2012	4	182.41
NM	2013	1	184.14
NM	2013	2	183.05
NM	2013	3	183.71
NM	2013	4	185.34
NM	2014	1	184.88
NM	2014	2	182.33
NM	2014	3	187.98
NM	2014	4	188.34
NM	2015	1	187.92
NM	2015	2	190.59
NM	2015	3	191.70
NM	2015	4	192.42
NM	2016	1	190.36
NV	1995	1	100.00
NV	1995	2	101.66
NV	1995	3	103.68
NV	1995	4	105.94
NV	1996	1	106.00
NV	1996	2	106.87
NV	1996	3	106.42
NV	1996	4	108.06
NV	1997	1	109.07
NV	1997	2	109.72
NV	1997	3	111.02
NV	1997	4	109.69
NV	1998	1	112.52
NV	1998	2	112.55
NV	1998	3	112.18
NV	1998	4	112.85
NV	1999	1	114.28
NV	1999	2	111.93
NV	1999	3	112.31
NV	1999	4	112.06
NV	2000	1	110.30
NV	2000	2	111.82
NV	2000	3	110.90
NV	2000	4	113.25
NV	2001	1	116.47
NV	2001	2	117.45
NV	2001	3	119.44
NV	2001	4	121.20
NV	2002	1	122.42
NV	2002	2	123.70
NV	2002	3	127.04
NV	2002	4	129.12
NV	2003	1	131.18
NV	2003	2	134.00
NV	2003	3	137.22
NV	2003	4	141.56
NV	2004	1	147.10
NV	2004	2	155.01
NV	2004	3	166.72
NV	2004	4	175.79
NV	2005	1	185.11
NV	2005	2	196.35
NV	2005	3	205.99
NV	2005	4	213.69
NV	2006	1	218.15
NV	2006	2	216.74
NV	2006	3	220.35
NV	2006	4	222.24
NV	2007	1	220.78
NV	2007	2	217.27
NV	2007	3	212.37
NV	2007	4	208.73
NV	2008	1	202.44
NV	2008	2	194.56
NV	2008	3	178.08
NV	2008	4	176.28
NV	2009	1	175.68
NV	2009	2	163.39
NV	2009	3	159.23
NV	2009	4	154.65
NV	2010	1	149.67
NV	2010	2	146.11
NV	2010	3	145.23
NV	2010	4	142.01
NV	2011	1	134.84
NV	2011	2	125.88
NV	2011	3	128.15
NV	2011	4	130.39
NV	2012	1	124.30
NV	2012	2	125.42
NV	2012	3	127.90
NV	2012	4	131.47
NV	2013	1	131.64
NV	2013	2	136.57
NV	2013	3	143.28
NV	2013	4	147.85
NV	2014	1	147.60
NV	2014	2	149.62
NV	2014	3	153.41
NV	2014	4	153.97
NV	2015	1	158.10
NV	2015	2	162.81
NV	2015	3	170.41
NV	2015	4	172.81
NV	2016	1	172.54
NY	1995	1	100.00
NY	1995	2	101.06
NY	1995	3	104.14
NY	1995	4	103.54
NY	1996	1	105.83
NY	1996	2	102.68
NY	1996	3	104.18
NY	1996	4	104.03
NY	1997	1	104.25
NY	1997	2	104.18
NY	1997	3	106.03
NY	1997	4	105.55
NY	1998	1	107.01
NY	1998	2	108.33
NY	1998	3	108.05
NY	1998	4	109.87
NY	1999	1	109.81
NY	1999	2	109.37
NY	1999	3	108.85
NY	1999	4	109.46
NY	2000	1	108.30
NY	2000	2	110.11
NY	2000	3	112.26
NY	2000	4	113.06
NY	2001	1	115.65
NY	2001	2	117.47
NY	2001	3	118.34
NY	2001	4	119.55
NY	2002	1	120.34
NY	2002	2	122.47
NY	2002	3	123.63
NY	2002	4	127.19
NY	2003	1	128.61
NY	2003	2	130.30
NY	2003	3	132.83
NY	2003	4	136.45
NY	2004	1	138.03
NY	2004	2	141.08
NY	2004	3	145.72
NY	2004	4	150.60
NY	2005	1	151.75
NY	2005	2	157.06
NY	2005	3	163.27
NY	2005	4	165.98
NY	2006	1	169.36
NY	2006	2	171.55
NY	2006	3	170.15
NY	2006	4	174.49
NY	2007	1	177.78
NY	2007	2	176.32
NY	2007	3	177.81
NY	2007	4	179.77
NY	2008	1	182.45
NY	2008	2	180.27
NY	2008	3	178.47
NY	2008	4	178.65
NY	2009	1	179.28
NY	2009	2	178.27
NY	2009	3	174.83
NY	2009	4	174.98
NY	2010	1	172.40
NY	2010	2	170.07
NY	2010	3	176.15
NY	2010	4	175.76
NY	2011	1	170.40
NY	2011	2	170.20
NY	2011	3	170.13
NY	2011	4	174.09
NY	2012	1	170.32
NY	2012	2	169.52
NY	2012	3	169.60
NY	2012	4	169.89
NY	2013	1	170.58
NY	2013	2	168.71
NY	2013	3	170.51
NY	2013	4	170.41
NY	2014	1	170.87
NY	2014	2	171.10
NY	2014	3	170.25
NY	2014	4	172.96
NY	2015	1	173.38
NY	2015	2	174.78
NY	2015	3	175.53
NY	2015	4	173.19
NY	2016	1	176.17
OH	1995	1	100.00
OH	1995	2	102.82
OH	1995	3	105.15
OH	1995	4	107.26
OH	1996	1	108.39
OH	1996	2	110.30
OH	1996	3	111.74
OH	1996	4	113.11
OH	1997	1	114.56
OH	1997	2	115.45
OH	1997	3	117.58
OH	1997	4	119.78
OH	1998	1	121.10
OH	1998	2	122.59
OH	1998	3	124.33
OH	1998	4	125.75
OH	1999	1	127.52
OH	1999	2	128.38
OH	1999	3	128.09
OH	1999	4	129.18
OH	2000	1	130.23
OH	2000	2	132.22
OH	2000	3	133.76
OH	2000	4	135.32
OH	2001	1	138.29
OH	2001	2	139.86
OH	2001	3	141.09
OH	2001	4	142.36
OH	2002	1	143.79
OH	2002	2	144.48
OH	2002	3	145.96
OH	2002	4	146.98
OH	2003	1	147.90
OH	2003	2	149.24
OH	2003	3	150.67
OH	2003	4	152.84
OH	2004	1	153.42
OH	2004	2	154.13
OH	2004	3	155.59
OH	2004	4	157.02
OH	2005	1	159.32
OH	2005	2	159.61
OH	2005	3	161.95
OH	2005	4	162.94
OH	2006	1	163.35
OH	2006	2	162.05
OH	2006	3	162.33
OH	2006	4	162.87
OH	2007	1	163.10
OH	2007	2	162.07
OH	2007	3	161.50
OH	2007	4	162.04
OH	2008	1	163.48
OH	2008	2	161.35
OH	2008	3	158.52
OH	2008	4	159.74
OH	2009	1	162.17
OH	2009	2	159.11
OH	2009	3	156.16
OH	2009	4	155.99
OH	2010	1	153.89
OH	2010	2	152.08
OH	2010	3	155.06
OH	2010	4	155.22
OH	2011	1	150.31
OH	2011	2	149.03
OH	2011	3	151.30
OH	2011	4	151.61
OH	2012	1	150.88
OH	2012	2	150.68
OH	2012	3	152.33
OH	2012	4	151.84
OH	2013	1	151.21
OH	2013	2	151.25
OH	2013	3	150.53
OH	2013	4	150.59
OH	2014	1	150.35
OH	2014	2	153.33
OH	2014	3	153.88
OH	2014	4	156.00
OH	2015	1	156.24
OH	2015	2	159.22
OH	2015	3	161.12
OH	2015	4	162.37
OH	2016	1	162.63
OK	1995	1	100.00
OK	1995	2	101.63
OK	1995	3	103.33
OK	1995	4	106.01
OK	1996	1	105.22
OK	1996	2	106.91
OK	1996	3	106.45
OK	1996	4	105.81
OK	1997	1	107.74
OK	1997	2	108.77
OK	1997	3	109.87
OK	1997	4	112.42
OK	1998	1	113.68
OK	1998	2	114.85
OK	1998	3	116.15
OK	1998	4	115.79
OK	1999	1	117.74
OK	1999	2	119.99
OK	1999	3	119.34
OK	1999	4	119.31
OK	2000	1	119.69
OK	2000	2	121.55
OK	2000	3	123.47
OK	2000	4	123.41
OK	2001	1	127.07
OK	2001	2	128.30
OK	2001	3	129.45
OK	2001	4	129.95
OK	2002	1	130.94
OK	2002	2	132.07
OK	2002	3	133.92
OK	2002	4	136.00
OK	2003	1	137.19
OK	2003	2	138.49
OK	2003	3	140.37
OK	2003	4	140.89
OK	2004	1	142.37
OK	2004	2	144.16
OK	2004	3	145.62
OK	2004	4	148.55
OK	2005	1	150.02
OK	2005	2	151.65
OK	2005	3	155.20
OK	2005	4	157.60
OK	2006	1	158.27
OK	2006	2	162.20
OK	2006	3	164.27
OK	2006	4	167.20
OK	2007	1	168.51
OK	2007	2	171.25
OK	2007	3	173.44
OK	2007	4	175.97
OK	2008	1	177.21
OK	2008	2	177.80
OK	2008	3	176.41
OK	2008	4	177.31
OK	2009	1	180.47
OK	2009	2	178.76
OK	2009	3	176.45
OK	2009	4	177.55
OK	2010	1	174.79
OK	2010	2	174.51
OK	2010	3	175.63
OK	2010	4	174.52
OK	2011	1	171.76
OK	2011	2	174.36
OK	2011	3	172.10
OK	2011	4	176.22
OK	2012	1	175.94
OK	2012	2	176.20
OK	2012	3	176.33
OK	2012	4	178.22
OK	2013	1	177.12
OK	2013	2	179.20
OK	2013	3	181.11
OK	2013	4	180.99
OK	2014	1	183.66
OK	2014	2	182.32
OK	2014	3	184.68
OK	2014	4	185.69
OK	2015	1	188.72
OK	2015	2	190.12
OK	2015	3	191.08
OK	2015	4	193.50
OK	2016	1	194.21
OR	1995	1	100.00
OR	1995	2	102.76
OR	1995	3	104.84
OR	1995	4	105.92
OR	1996	1	107.09
OR	1996	2	108.65
OR	1996	3	109.22
OR	1996	4	111.56
OR	1997	1	111.70
OR	1997	2	112.55
OR	1997	3	113.93
OR	1997	4	115.61
OR	1998	1	117.03
OR	1998	2	118.86
OR	1998	3	119.02
OR	1998	4	120.39
OR	1999	1	121.69
OR	1999	2	121.48
OR	1999	3	122.06
OR	1999	4	121.61
OR	2000	1	123.16
OR	2000	2	122.97
OR	2000	3	124.57
OR	2000	4	125.48
OR	2001	1	129.64
OR	2001	2	129.69
OR	2001	3	130.81
OR	2001	4	132.30
OR	2002	1	134.03
OR	2002	2	134.13
OR	2002	3	136.18
OR	2002	4	137.74
OR	2003	1	138.97
OR	2003	2	140.38
OR	2003	3	142.31
OR	2003	4	145.63
OR	2004	1	147.98
OR	2004	2	153.01
OR	2004	3	160.24
OR	2004	4	164.58
OR	2005	1	170.59
OR	2005	2	181.79
OR	2005	3	191.78
OR	2005	4	202.29
OR	2006	1	208.40
OR	2006	2	217.84
OR	2006	3	223.59
OR	2006	4	229.37
OR	2007	1	230.80
OR	2007	2	234.11
OR	2007	3	232.31
OR	2007	4	232.98
OR	2008	1	233.33
OR	2008	2	230.14
OR	2008	3	223.42
OR	2008	4	221.32
OR	2009	1	220.97
OR	2009	2	215.03
OR	2009	3	205.88
OR	2009	4	200.44
OR	2010	1	198.05
OR	2010	2	193.26
OR	2010	3	192.54
OR	2010	4	190.99
OR	2011	1	183.05
OR	2011	2	178.44
OR	2011	3	179.10
OR	2011	4	180.00
OR	2012	1	176.31
OR	2012	2	176.66
OR	2012	3	175.29
OR	2012	4	177.60
OR	2013	1	177.91
OR	2013	2	179.99
OR	2013	3	181.48
OR	2013	4	180.75
OR	2014	1	182.76
OR	2014	2	187.30
OR	2014	3	187.87
OR	2014	4	189.75
OR	2015	1	190.96
OR	2015	2	197.08
OR	2015	3	199.77
OR	2015	4	202.81
OR	2016	1	203.73
PA	1995	1	100.00
PA	1995	2	104.41
PA	1995	3	107.13
PA	1995	4	107.84
PA	1996	1	111.25
PA	1996	2	109.88
PA	1996	3	112.50
PA	1996	4	112.47
PA	1997	1	114.03
PA	1997	2	112.96
PA	1997	3	112.04
PA	1997	4	113.61
PA	1998	1	118.79
PA	1998	2	118.96
PA	1998	3	118.95
PA	1998	4	119.39
PA	1999	1	122.77
PA	1999	2	120.13
PA	1999	3	119.55
PA	1999	4	119.69
PA	2000	1	121.90
PA	2000	2	121.80
PA	2000	3	123.83
PA	2000	4	124.23
PA	2001	1	129.51
PA	2001	2	130.49
PA	2001	3	130.80
PA	2001	4	133.35
PA	2002	1	134.20
PA	2002	2	134.76
PA	2002	3	135.63
PA	2002	4	138.55
PA	2003	1	139.40
PA	2003	2	140.86
PA	2003	3	141.38
PA	2003	4	143.57
PA	2004	1	145.73
PA	2004	2	146.77
PA	2004	3	149.36
PA	2004	4	152.77
PA	2005	1	153.74
PA	2005	2	155.05
PA	2005	3	160.10
PA	2005	4	160.75
PA	2006	1	164.56
PA	2006	2	167.10
PA	2006	3	168.57
PA	2006	4	171.07
PA	2007	1	170.89
PA	2007	2	174.33
PA	2007	3	174.19
PA	2007	4	177.08
PA	2008	1	177.56
PA	2008	2	178.67
PA	2008	3	175.54
PA	2008	4	176.23
PA	2009	1	179.19
PA	2009	2	179.37
PA	2009	3	176.30
PA	2009	4	174.51
PA	2010	1	176.14
PA	2010	2	173.54
PA	2010	3	176.62
PA	2010	4	177.62
PA	2011	1	177.24
PA	2011	2	175.02
PA	2011	3	175.11
PA	2011	4	178.32
PA	2012	1	177.27
PA	2012	2	178.34
PA	2012	3	179.58
PA	2012	4	182.01
PA	2013	1	180.36
PA	2013	2	180.16
PA	2013	3	181.14
PA	2013	4	182.27
PA	2014	1	182.23
PA	2014	2	180.46
PA	2014	3	183.97
PA	2014	4	184.48
PA	2015	1	186.76
PA	2015	2	185.18
PA	2015	3	186.58
PA	2015	4	187.96
PA	2016	1	186.34
SC	1995	1	100.00
SC	1995	2	100.09
SC	1995	3	101.66
SC	1995	4	103.46
SC	1996	1	104.71
SC	1996	2	107.01
SC	1996	3	107.02
SC	1996	4	108.99
SC	1997	1	109.02
SC	1997	2	110.82
SC	1997	3	112.29
SC	1997	4	113.71
SC	1998	1	115.53
SC	1998	2	117.45
SC	1998	3	118.07
SC	1998	4	120.64
SC	1999	1	121.97
SC	1999	2	122.96
SC	1999	3	125.66
SC	1999	4	125.15
SC	2000	1	128.00
SC	2000	2	128.43
SC	2000	3	129.27
SC	2000	4	131.58
SC	2001	1	134.70
SC	2001	2	137.35
SC	2001	3	138.19
SC	2001	4	138.99
SC	2002	1	141.08
SC	2002	2	142.42
SC	2002	3	144.27
SC	2002	4	145.25
SC	2003	1	145.44
SC	2003	2	148.31
SC	2003	3	149.29
SC	2003	4	149.65
SC	2004	1	151.98
SC	2004	2	153.21
SC	2004	3	155.97
SC	2004	4	157.92
SC	2005	1	161.46
SC	2005	2	161.39
SC	2005	3	166.56
SC	2005	4	169.50
SC	2006	1	172.43
SC	2006	2	175.19
SC	2006	3	178.29
SC	2006	4	185.68
SC	2007	1	184.87
SC	2007	2	186.74
SC	2007	3	187.93
SC	2007	4	190.77
SC	2008	1	192.52
SC	2008	2	192.60
SC	2008	3	188.91
SC	2008	4	189.81
SC	2009	1	191.83
SC	2009	2	190.03
SC	2009	3	182.84
SC	2009	4	183.19
SC	2010	1	178.80
SC	2010	2	177.19
SC	2010	3	180.21
SC	2010	4	177.20
SC	2011	1	172.87
SC	2011	2	168.93
SC	2011	3	171.24
SC	2011	4	172.92
SC	2012	1	169.46
SC	2012	2	168.97
SC	2012	3	169.93
SC	2012	4	170.32
SC	2013	1	170.35
SC	2013	2	168.25
SC	2013	3	167.19
SC	2013	4	165.60
SC	2014	1	170.23
SC	2014	2	168.14
SC	2014	3	168.16
SC	2014	4	171.75
SC	2015	1	173.70
SC	2015	2	174.79
SC	2015	3	175.70
SC	2015	4	176.23
SC	2016	1	183.69
SD	1995	1	100.00
SD	1995	2	103.80
SD	1995	3	103.85
SD	1995	4	105.59
SD	1996	1	106.65
SD	1996	2	106.98
SD	1996	3	109.23
SD	1996	4	107.36
SD	1997	1	110.78
SD	1997	2	111.85
SD	1997	3	112.54
SD	1997	4	113.90
SD	1998	1	115.29
SD	1998	2	114.70
SD	1998	3	116.04
SD	1998	4	115.64
SD	1999	1	118.19
SD	1999	2	118.37
SD	1999	3	118.02
SD	1999	4	120.15
SD	2000	1	119.38
SD	2000	2	122.17
SD	2000	3	123.59
SD	2000	4	123.70
SD	2001	1	125.69
SD	2001	2	127.97
SD	2001	3	128.54
SD	2001	4	129.66
SD	2002	1	131.18
SD	2002	2	132.97
SD	2002	3	134.58
SD	2002	4	134.76
SD	2003	1	136.00
SD	2003	2	136.39
SD	2003	3	139.66
SD	2003	4	142.41
SD	2004	1	143.63
SD	2004	2	145.74
SD	2004	3	150.03
SD	2004	4	152.45
SD	2005	1	155.82
SD	2005	2	160.45
SD	2005	3	161.86
SD	2005	4	167.84
SD	2006	1	167.97
SD	2006	2	171.54
SD	2006	3	175.86
SD	2006	4	176.51
SD	2007	1	180.02
SD	2007	2	180.63
SD	2007	3	183.95
SD	2007	4	184.85
SD	2008	1	187.23
SD	2008	2	186.91
SD	2008	3	187.87
SD	2008	4	189.43
SD	2009	1	190.63
SD	2009	2	189.93
SD	2009	3	189.27
SD	2009	4	187.51
SD	2010	1	187.66
SD	2010	2	187.94
SD	2010	3	189.94
SD	2010	4	189.42
SD	2011	1	187.97
SD	2011	2	187.37
SD	2011	3	191.04
SD	2011	4	190.23
SD	2012	1	192.30
SD	2012	2	193.54
SD	2012	3	194.21
SD	2012	4	199.48
SD	2013	1	201.36
SD	2013	2	201.24
SD	2013	3	203.65
SD	2013	4	206.34
SD	2014	1	205.82
SD	2014	2	209.7
SD	2014	3	211.01
SD	2014	4	213.17
SD	2015	1	212.42
SD	2015	2	216.33
SD	2015	3	218.76
SD	2015	4	222.28
SD	2016	1	222.28
TN	1995	1	100
TN	1995	2	101.94
TN	1995	3	102.5
TN	1995	4	104.11
TN	1996	1	106.21
TN	1996	2	106.34
TN	1996	3	108.47
TN	1996	4	108.58
TN	1997	1	110.81
TN	1997	2	111.62
TN	1997	3	112.01
TN	1997	4	115.03
TN	1998	1	116.94
TN	1998	2	117.79
TN	1998	3	118.81
TN	1998	4	119.98
TN	1999	1	121.82
TN	1999	2	121.97
TN	1999	3	123.16
TN	1999	4	123.02
TN	2000	1	123.67
TN	2000	2	124.48
TN	2000	3	125.76
TN	2000	4	126.53
TN	2001	1	130.54
TN	2001	2	131.14
TN	2001	3	131.45
TN	2001	4	133.95
TN	2002	1	134.07
TN	2002	2	134.24
TN	2002	3	136.4
TN	2002	4	137.83
TN	2003	1	138.71
TN	2003	2	139.8
TN	2003	3	140.44
TN	2003	4	142.24
TN	2004	1	143.08
TN	2004	2	144.35
TN	2004	3	145
TN	2004	4	147.18
TN	2005	1	148.9
TN	2005	2	151.96
TN	2005	3	154.65
TN	2005	4	158.5
TN	2006	1	160.07
TN	2006	2	162.5
TN	2006	3	166.02
TN	2006	4	168.97
TN	2007	1	170.82
TN	2007	2	172.68
TN	2007	3	173.45
TN	2007	4	175.76
TN	2008	1	174.86
TN	2008	2	176.08
TN	2008	3	172.36
TN	2008	4	174.04
TN	2009	1	175.01
TN	2009	2	173.79
TN	2009	3	170.01
TN	2009	4	166.89
TN	2010	1	164.79
TN	2010	2	165.19
TN	2010	3	166.81
TN	2010	4	166.48
TN	2011	1	163.2
TN	2011	2	161.42
TN	2011	3	162.96
TN	2011	4	162.59
TN	2012	1	161.37
TN	2012	2	160.85
TN	2012	3	160.87
TN	2012	4	161.25
TN	2013	1	161.22
TN	2013	2	162.47
TN	2013	3	160.98
TN	2013	4	163.58
TN	2014	1	162.44
TN	2014	2	164.53
TN	2014	3	166.35
TN	2014	4	167.97
TN	2015	1	168.05
TN	2015	2	169.02
TN	2015	3	171.52
TN	2015	4	173.38
TN	2016	1	175.33
TX	1995	1	100
TX	1995	2	103.37
TX	1995	3	103.83
TX	1995	4	105.6
TX	1996	1	106.49
TX	1996	2	106.48
TX	1996	3	106.14
TX	1996	4	108.21
TX	1997	1	108.62
TX	1997	2	108.94
TX	1997	3	110.78
TX	1997	4	111.4
TX	1998	1	112.38
TX	1998	2	113.82
TX	1998	3	115.34
TX	1998	4	116.24
TX	1999	1	117.13
TX	1999	2	118.33
TX	1999	3	118.96
TX	1999	4	119.86
TX	2000	1	120.14
TX	2000	2	121.91
TX	2000	3	123.58
TX	2000	4	125.17
TX	2001	1	127.41
TX	2001	2	129.8
TX	2001	3	131.65
TX	2001	4	132.11
TX	2002	1	132.3
TX	2002	2	133.12
TX	2002	3	136.1
TX	2002	4	137.08
TX	2003	1	138.01
TX	2003	2	139.81
TX	2003	3	140.72
TX	2003	4	142.23
TX	2004	1	141.91
TX	2004	2	144.76
TX	2004	3	146.11
TX	2004	4	149.21
TX	2005	1	150.07
TX	2005	2	153.05
TX	2005	3	156.1
TX	2005	4	159.19
TX	2006	1	161.39
TX	2006	2	164.08
TX	2006	3	168.3
TX	2006	4	171.47
TX	2007	1	174.58
TX	2007	2	176.78
TX	2007	3	179.13
TX	2007	4	181.6
TX	2008	1	183.73
TX	2008	2	184.18
TX	2008	3	185.4
TX	2008	4	185.17
TX	2009	1	186.74
TX	2009	2	186.66
TX	2009	3	187.23
TX	2009	4	186.4
TX	2010	1	185.8
TX	2010	2	184.63
TX	2010	3	186.68
TX	2010	4	186.69
TX	2011	1	183.94
TX	2011	2	184.52
TX	2011	3	184.09
TX	2011	4	185.34
TX	2012	1	184.86
TX	2012	2	187.56
TX	2012	3	187.86
TX	2012	4	188.45
TX	2013	1	189.65
TX	2013	2	191.96
TX	2013	3	194.58
TX	2013	4	194.94
TX	2014	1	195.36
TX	2014	2	199.3
TX	2014	3	199.99
TX	2014	4	203.44
TX	2015	1	204.12
TX	2015	2	208.6
TX	2015	3	209.19
TX	2015	4	213.77
TX	2016	1	211.71
UT	1995	1	100
UT	1995	2	101.8
UT	1995	3	104.93
UT	1995	4	107.77
UT	1996	1	109.89
UT	1996	2	112.43
UT	1996	3	112.47
UT	1996	4	114.33
UT	1997	1	116.57
UT	1997	2	116.8
UT	1997	3	118.73
UT	1997	4	121.92
UT	1998	1	123.73
UT	1998	2	124.99
UT	1998	3	126.03
UT	1998	4	127.13
UT	1999	1	127.34
UT	1999	2	128.37
UT	1999	3	128.97
UT	1999	4	126.9
UT	2000	1	127.66
UT	2000	2	125.7
UT	2000	3	127.16
UT	2000	4	128.88
UT	2001	1	132.33
UT	2001	2	132.94
UT	2001	3	133.11
UT	2001	4	134.6
UT	2002	1	134.54
UT	2002	2	134.89
UT	2002	3	135.64
UT	2002	4	136.73
UT	2003	1	138.04
UT	2003	2	138.02
UT	2003	3	138.86
UT	2003	4	139.66
UT	2004	1	141.21
UT	2004	2	144.57
UT	2004	3	145.9
UT	2004	4	151.03
UT	2005	1	156.66
UT	2005	2	164.97
UT	2005	3	175.54
UT	2005	4	183.14
UT	2006	1	190.8
UT	2006	2	197.94
UT	2006	3	207.37
UT	2006	4	214.78
UT	2007	1	218.36
UT	2007	2	224.53
UT	2007	3	226.84
UT	2007	4	227.25
UT	2008	1	229.76
UT	2008	2	226.61
UT	2008	3	218.5
UT	2008	4	218.93
UT	2009	1	219.38
UT	2009	2	210.25
UT	2009	3	201.79
UT	2009	4	195.71
UT	2010	1	191.62
UT	2010	2	188.18
UT	2010	3	186.94
UT	2010	4	187
UT	2011	1	177.69
UT	2011	2	177.15
UT	2011	3	178.27
UT	2011	4	180.43
UT	2012	1	181.16
UT	2012	2	179.74
UT	2012	3	181.9
UT	2012	4	182.78
UT	2013	1	186.57
UT	2013	2	190.09
UT	2013	3	195.51
UT	2013	4	192.39
UT	2014	1	196.73
UT	2014	2	202.59
UT	2014	3	199.86
UT	2014	4	206.9
UT	2015	1	209.96
UT	2015	2	212.46
UT	2015	3	216.71
UT	2015	4	220.32
UT	2016	1	219.52
VA	1995	1	100
VA	1995	2	102.92
VA	1995	3	103.67
VA	1995	4	101.88
VA	1996	1	106.01
VA	1996	2	103.56
VA	1996	3	104.73
VA	1996	4	105.7
VA	1997	1	106.4
VA	1997	2	106.83
VA	1997	3	109.05
VA	1997	4	109.61
VA	1998	1	111.17
VA	1998	2	111.43
VA	1998	3	113.15
VA	1998	4	114.63
VA	1999	1	114.82
VA	1999	2	115.14
VA	1999	3	113.84
VA	1999	4	115.42
VA	2000	1	117.41
VA	2000	2	117.45
VA	2000	3	119.06
VA	2000	4	120.38
VA	2001	1	123.79
VA	2001	2	126.02
VA	2001	3	127.82
VA	2001	4	130.33
VA	2002	1	131.67
VA	2002	2	132.27
VA	2002	3	135.34
VA	2002	4	137.9
VA	2003	1	138.99
VA	2003	2	140.98
VA	2003	3	144.24
VA	2003	4	148.26
VA	2004	1	151.51
VA	2004	2	155.02
VA	2004	3	161.79
VA	2004	4	167.14
VA	2005	1	171.46
VA	2005	2	180.17
VA	2005	3	189.04
VA	2005	4	193.24
VA	2006	1	199.98
VA	2006	2	203.27
VA	2006	3	204.62
VA	2006	4	207.92
VA	2007	1	211.3
VA	2007	2	213.11
VA	2007	3	210.77
VA	2007	4	210.68
VA	2008	1	211.84
VA	2008	2	209.29
VA	2008	3	203.47
VA	2008	4	203.07
VA	2009	1	204.54
VA	2009	2	200.94
VA	2009	3	195.68
VA	2009	4	193.23
VA	2010	1	190.28
VA	2010	2	185.8
VA	2010	3	187.78
VA	2010	4	185.68
VA	2011	1	182.93
VA	2011	2	181.2
VA	2011	3	182.6
VA	2011	4	182.44
VA	2012	1	179.97
VA	2012	2	178.43
VA	2012	3	179.3
VA	2012	4	178.79
VA	2013	1	177.68
VA	2013	2	178.59
VA	2013	3	177.74
VA	2013	4	175.79
VA	2014	1	175.16
VA	2014	2	178.43
VA	2014	3	180.14
VA	2014	4	184.02
VA	2015	1	181.33
VA	2015	2	181.24
VA	2015	3	186.18
VA	2015	4	181.88
VA	2016	1	184.73
VT	1995	1	100
VT	1995	2	101.36
VT	1995	3	103.83
VT	1995	4	104.58
VT	1996	1	106.53
VT	1996	2	104.54
VT	1996	3	104.2
VT	1996	4	100.66
VT	1997	1	104.57
VT	1997	2	103.22
VT	1997	3	104.64
VT	1997	4	104.62
VT	1998	1	107.27
VT	1998	2	106.37
VT	1998	3	105.61
VT	1998	4	108.06
VT	1999	1	109.05
VT	1999	2	109.39
VT	1999	3	109.72
VT	1999	4	110.53
VT	2000	1	112.97
VT	2000	2	113.72
VT	2000	3	116.5
VT	2000	4	118.6
VT	2001	1	120.37
VT	2001	2	122.86
VT	2001	3	125.41
VT	2001	4	126.84
VT	2002	1	129.71
VT	2002	2	131.63
VT	2002	3	134.76
VT	2002	4	136.62
VT	2003	1	138.26
VT	2003	2	140.9
VT	2003	3	145.12
VT	2003	4	152.36
VT	2004	1	154.88
VT	2004	2	159.21
VT	2004	3	168.5
VT	2004	4	172.79
VT	2005	1	178.05
VT	2005	2	183.71
VT	2005	3	191.31
VT	2005	4	193.62
VT	2006	1	197.63
VT	2006	2	202.56
VT	2006	3	204.34
VT	2006	4	208.44
VT	2007	1	209.03
VT	2007	2	210.05
VT	2007	3	210.55
VT	2007	4	209.03
VT	2008	1	212.6
VT	2008	2	208.97
VT	2008	3	208.58
VT	2008	4	208.73
VT	2009	1	208.8
VT	2009	2	206.07
VT	2009	3	203.94
VT	2009	4	201.38
VT	2010	1	200.18
VT	2010	2	200.69
VT	2010	3	200.89
VT	2010	4	201.65
VT	2011	1	198.86
VT	2011	2	195.78
VT	2011	3	195.76
VT	2011	4	198.69
VT	2012	1	197.68
VT	2012	2	194.89
VT	2012	3	196.22
VT	2012	4	197.68
VT	2013	1	197.2
VT	2013	2	193.54
VT	2013	3	195.11
VT	2013	4	195.93
VT	2014	1	191.79
VT	2014	2	192.85
VT	2014	3	194.89
VT	2014	4	195.97
VT	2015	1	194.71
VT	2015	2	197.6
VT	2015	3	199.39
VT	2015	4	195.02
VT	2016	1	194.73
WA	1995	1	100
WA	1995	2	101.93
WA	1995	3	103.75
WA	1995	4	103.84
WA	1996	1	105.78
WA	1996	2	106.45
WA	1996	3	105.48
WA	1996	4	107.34
WA	1997	1	108.6
WA	1997	2	107.09
WA	1997	3	109.58
WA	1997	4	110.39
WA	1998	1	111.92
WA	1998	2	112.15
WA	1998	3	112.44
WA	1998	4	114.78
WA	1999	1	114.67
WA	1999	2	114.29
WA	1999	3	113.83
WA	1999	4	115.23
WA	2000	1	115.04
WA	2000	2	115.78
WA	2000	3	116.78
WA	2000	4	118.9
WA	2001	1	121.48
WA	2001	2	123.07
WA	2001	3	123.28
WA	2001	4	124.39
WA	2002	1	126.24
WA	2002	2	126.4
WA	2002	3	127.4
WA	2002	4	129.53
WA	2003	1	130.6
WA	2003	2	131.14
WA	2003	3	133.04
WA	2003	4	135.73
WA	2004	1	138.4
WA	2004	2	141.63
WA	2004	3	148.21
WA	2004	4	151.81
WA	2005	1	156.52
WA	2005	2	164.62
WA	2005	3	172.42
WA	2005	4	179.71
WA	2006	1	185.59
WA	2006	2	192.37
WA	2006	3	197.64
WA	2006	4	202
WA	2007	1	205.68
WA	2007	2	208.67
WA	2007	3	210
WA	2007	4	212.09
WA	2008	1	212.59
WA	2008	2	210.85
WA	2008	3	205.72
WA	2008	4	204.8
WA	2009	1	204.23
WA	2009	2	198.49
WA	2009	3	191.26
WA	2009	4	189.81
WA	2010	1	185.4
WA	2010	2	184.9
WA	2010	3	184.11
WA	2010	4	180.32
WA	2011	1	175.31
WA	2011	2	169.04
WA	2011	3	170.59
WA	2011	4	170.04
WA	2012	1	167.93
WA	2012	2	165.44
WA	2012	3	167.13
WA	2012	4	168.39
WA	2013	1	167.36
WA	2013	2	167.59
WA	2013	3	168.04
WA	2013	4	167.53
WA	2014	1	168.62
WA	2014	2	171.34
WA	2014	3	171.6
WA	2014	4	174.31
WA	2015	1	176.72
WA	2015	2	180.78
WA	2015	3	184.36
WA	2015	4	185.9
WA	2016	1	188.47
WI	1995	1	100
WI	1995	2	102.17
WI	1995	3	103.65
WI	1995	4	105.49
WI	1996	1	106.05
WI	1996	2	107.9
WI	1996	3	110.21
WI	1996	4	112.13
WI	1997	1	113.09
WI	1997	2	114.5
WI	1997	3	116.14
WI	1997	4	117.69
WI	1998	1	118.07
WI	1998	2	120.34
WI	1998	3	122.35
WI	1998	4	122.52
WI	1999	1	125.35
WI	1999	2	127.37
WI	1999	3	129.67
WI	1999	4	130.93
WI	2000	1	134.5
WI	2000	2	135.61
WI	2000	3	138.35
WI	2000	4	139.93
WI	2001	1	142.21
WI	2001	2	144.26
WI	2001	3	145.88
WI	2001	4	147
WI	2002	1	149.92
WI	2002	2	151.47
WI	2002	3	152.65
WI	2002	4	153.87
WI	2003	1	155.31
WI	2003	2	156.39
WI	2003	3	158.73
WI	2003	4	164.02
WI	2004	1	165.56
WI	2004	2	167.96
WI	2004	3	173.68
WI	2004	4	176.52
WI	2005	1	179.64
WI	2005	2	182.07
WI	2005	3	185.62
WI	2005	4	188.59
WI	2006	1	190.39
WI	2006	2	190.71
WI	2006	3	191.54
WI	2006	4	194.33
WI	2007	1	195.34
WI	2007	2	195.66
WI	2007	3	194.24
WI	2007	4	195.06
WI	2008	1	196.45
WI	2008	2	194.9
WI	2008	3	192.14
WI	2008	4	192.2
WI	2009	1	193.25
WI	2009	2	191.51
WI	2009	3	187.25
WI	2009	4	186.41
WI	2010	1	184.67
WI	2010	2	182.97
WI	2010	3	185.51
WI	2010	4	184.89
WI	2011	1	181.06
WI	2011	2	177.93
WI	2011	3	180.15
WI	2011	4	180.88
WI	2012	1	179.01
WI	2012	2	177.72
WI	2012	3	179.07
WI	2012	4	179.36
WI	2013	1	178.72
WI	2013	2	177.76
WI	2013	3	177
WI	2013	4	177.33
WI	2014	1	175.33
WI	2014	2	178.07
WI	2014	3	178.97
WI	2014	4	180.33
WI	2015	1	182.75
WI	2015	2	183.92
WI	2015	3	185.41
WI	2015	4	187.11
WI	2016	1	188.18
WV	1995	1	100
WV	1995	2	97.98
WV	1995	3	100.66
WV	1995	4	101.2
WV	1996	1	100.78
WV	1996	2	102.16
WV	1996	3	105.06
WV	1996	4	101.3
WV	1997	1	104.01
WV	1997	2	105.94
WV	1997	3	105.51
WV	1997	4	110.28
WV	1998	1	111.42
WV	1998	2	108.69
WV	1998	3	111.21
WV	1998	4	111.84
WV	1999	1	110.97
WV	1999	2	115.15
WV	1999	3	112.77
WV	1999	4	113.11
WV	2000	1	115.25
WV	2000	2	115.49
WV	2000	3	115.31
WV	2000	4	115.79
WV	2001	1	120.54
WV	2001	2	122.66
WV	2001	3	122.15
WV	2001	4	123.4
WV	2002	1	124.33
WV	2002	2	125.92
WV	2002	3	126.86
WV	2002	4	128.1
WV	2003	1	130.05
WV	2003	2	130.51
WV	2003	3	131.77
WV	2003	4	131.89
WV	2004	1	135.71
WV	2004	2	138.59
WV	2004	3	139.53
WV	2004	4	140.61
WV	2005	1	143.55
WV	2005	2	145.52
WV	2005	3	149.46
WV	2005	4	154.64
WV	2006	1	159.11
WV	2006	2	157.16
WV	2006	3	160.48
WV	2006	4	165.49
WV	2007	1	166.03
WV	2007	2	166.72
WV	2007	3	168.56
WV	2007	4	169.69
WV	2008	1	170.74
WV	2008	2	172.45
WV	2008	3	169.1
WV	2008	4	166.19
WV	2009	1	169.87
WV	2009	2	169.13
WV	2009	3	166.28
WV	2009	4	166.53
WV	2010	1	167.1
WV	2010	2	168.39
WV	2010	3	170.45
WV	2010	4	170.36
WV	2011	1	166.61
WV	2011	2	164.97
WV	2011	3	170.08
WV	2011	4	169.11
WV	2012	1	167.37
WV	2012	2	167.42
WV	2012	3	171.62
WV	2012	4	170.72
WV	2013	1	170.24
WV	2013	2	170.98
WV	2013	3	172.31
WV	2013	4	173.83
WV	2014	1	171.01
WV	2014	2	175.46
WV	2014	3	173.81
WV	2014	4	175.76
WV	2015	1	174.93
WV	2015	2	180.52
WV	2015	3	184.61
WV	2015	4	181.1
WV	2016	1	183.3
WY	1995	1	100
WY	1995	2	102.39
WY	1995	3	104.04
WY	1995	4	105.96
WY	1996	1	106.8
WY	1996	2	107.5
WY	1996	3	108.79
WY	1996	4	109.07
WY	1997	1	109.37
WY	1997	2	110.46
WY	1997	3	111.92
WY	1997	4	113.05
WY	1998	1	115.01
WY	1998	2	114.42
WY	1998	3	114.97
WY	1998	4	115.19
WY	1999	1	116.13
WY	1999	2	117.69
WY	1999	3	118.85
WY	1999	4	119.33
WY	2000	1	120.78
WY	2000	2	121.96
WY	2000	3	123.16
WY	2000	4	126.48
WY	2001	1	126.97
WY	2001	2	129.8
WY	2001	3	131.33
WY	2001	4	133.73
WY	2002	1	135.42
WY	2002	2	137.86
WY	2002	3	139.48
WY	2002	4	141.21
WY	2003	1	142.75
WY	2003	2	145.71
WY	2003	3	146.96
WY	2003	4	148.9
WY	2004	1	151.94
WY	2004	2	156.1
WY	2004	3	161.28
WY	2004	4	163.85
WY	2005	1	168.1
WY	2005	2	174.01
WY	2005	3	181.35
WY	2005	4	186.09
WY	2006	1	192.12
WY	2006	2	200.38
WY	2006	3	207.72
WY	2006	4	214.33
WY	2007	1	220.97
WY	2007	2	226.55
WY	2007	3	229.54
WY	2007	4	231.42
WY	2008	1	232.42
WY	2008	2	233.66
WY	2008	3	232.02
WY	2008	4	232.32
WY	2009	1	231.9
WY	2009	2	231.63
WY	2009	3	225.6
WY	2009	4	224.18
WY	2010	1	219.7
WY	2010	2	221.3
WY	2010	3	219.85
WY	2010	4	220.22
WY	2011	1	215.83
WY	2011	2	214.33
WY	2011	3	217.12
WY	2011	4	216.13
WY	2012	1	216.61
WY	2012	2	216.45
WY	2012	3	218
WY	2012	4	219.49
WY	2013	1	220.85
WY	2013	2	221.02
WY	2013	3	221.19
WY	2013	4	222.87
WY	2014	1	225.37
WY	2014	2	227.29
WY	2014	3	228.81
WY	2014	4	230.39
WY	2015	1	233.71
WY	2015	2	233.96
WY	2015	3	239.4
WY	2015	4	239.87
WY	2016	1	240.82